{"degree": [1, 2, 3, 4, 5, 6, 7, 8], "losses": [-58.33367864499583, -105.12377887048012, -132.44511250350732, -155.8605791497446, -175.74009071095603, -176.9321970181855, -186.67451894894194, -189.24614147792394], "A_list": [[[0.91429535141154, 0.040072460928984574], [0.040072460928984574, 0.9363709222802516]], [[0.9492981865264344, -0.01152278918390361, 0.04086483459358444, -6.959970475353188e-07], [-0.01152278918390361, 0.004807292003975803, -6.926573417015133e-05, 4.185041049916128e-05], [0.04086483459358444, -6.926573417015133e-05, 0.9619121080311169, -0.010968691663445562], [-6.959970475353188e-07, 4.185041049916128e-05, -0.010968691663445562, 0.004681995798093432]], [[0.943275253388258, -0.021820586778470458, 0.0020955975553904422, 0.04029269816882177, 5.851451873312313e-05, -4.3331874599603314e-05], [-0.021820586778470458, 0.02894887620143804, -0.00559410269234594, 0.0009226811305107132, -0.0007253462589650922, 0.00010104204317398708], [0.0020955975553904422, -0.00559410269234594, 0.0012880617273673715, -0.0005260499937811162, 0.0002381266154332363, -3.1680842746299044e-05], [0.04029269816882177, 0.0009226811305107132, -0.0005260499937811162, 0.9555244385673741, -0.020312965425981176, 0.001872523364413299], [5.851451873312313e-05, -0.0007253462589650922, 0.0002381266154332363, -0.020312965425981176, 0.028491921254780134, -0.005594852079191066], [-4.3331874599603314e-05, 0.00010104204317398708, -3.1680842746299044e-05, 0.001872523364413299, -0.005594852079191066, 0.0012981652715861195]], [[0.9527399852292674, -0.041506356388357396, 0.014756345903109432, -0.0021063989891986477, 0.036218850850297586, 0.0011954971133975438, -0.0007959397590017706, 0.00010535874954499248], [-0.041506356388357396, 0.09536420566663785, -0.04643371411839098, 0.006958899490980663, 0.0018697447327659506, 0.0018603044433081089, -0.0015216489099631346, 0.0002854111461988496], [0.014756345903109432, -0.04643371411839098, 0.02623067190708902, -0.004260976564918253, -0.0012323331668078284, -0.00031153033020636466, 0.000402917450728623, -7.683455888806379e-05], [-0.0021063989891986477, 0.006958899490980663, -0.004260976564918253, 0.0007286055163924245, 0.00022331835259384794, 2.3006986797851673e-05, -3.1459132864826046e-05, 5.210539689763983e-06], [0.036218850850297586, 0.0018697447327659506, -0.0012323331668078284, 0.00022331835259384794, 0.964247618379279, -0.04209119063272177, 0.01596523535861884, -0.00218249484074664], [0.0011954971133975438, 0.0018603044433081089, -0.00031153033020636466, 2.3006986797851673e-05, -0.04209119063272177, 0.0970954595467491, -0.04654426276565518, 0.006936581256142307], [-0.0007959397590017706, -0.0015216489099631346, 0.000402917450728623, -3.1459132864826046e-05, 0.01596523535861884, -0.04654426276565518, 0.025751754315029716, -0.004154183221782237], [0.00010535874954499248, 0.0002854111461988496, -7.683455888806379e-05, 5.210539689763983e-06, -0.00218249484074664, 0.006936581256142307, -0.004154183221782237, 0.0007052965743733744]], [[0.9350302907090996, -0.02737852472053145, 0.0075104925815561874, 0.00011333045508415127, -0.00032679403764622434, 0.04258183870623374, -0.0016180960813856262, 0.0012517120482633819, -0.0006560912302001887, 9.685098814578736e-05], [-0.02737852472053145, 0.11326709148062332, -0.07734394816288678, 0.021632197132414543, -0.0021264805111126314, 0.0013689484299357368, 0.001334349558099931, -0.00152925125275836, 0.0005672901125539885, -6.810459767963919e-05], [0.0075104925815561874, -0.07734394816288678, 0.07070790337094077, -0.024604118558326227, 0.0029538181193155193, -0.0011662754591795364, 0.0005229941627218977, -2.1654646421952397e-05, -0.00015507729744524155, 3.4086975443010584e-05], [0.00011333045508415127, 0.021632197132414543, -0.024604118558326227, 0.009933546767806263, -0.0013343223608700014, 0.00028934155960016583, -0.00038819311452363103, 0.00022585174336209874, -3.255096068512328e-06, -7.007420083893721e-06], [-0.00032679403764622434, -0.0021264805111126314, 0.0029538181193155193, -0.0013343223608700014, 0.00019314845901413727, -1.6371469119943734e-05, 6.466710218658742e-05, -4.5225705001134255e-05, 4.6447479466141114e-06, 4.805743716097211e-07], [0.04258183870623374, 0.0013689484299357368, -0.0011662754591795364, 0.00028934155960016583, -1.6371469119943734e-05, 0.9570708356516121, -0.031485047978109894, 0.00854285393126385, 0.00017584081770544114, -0.0003996540052344785], [-0.0016180960813856262, 0.001334349558099931, 0.0005229941627218977, -0.00038819311452363103, 6.466710218658742e-05, -0.031485047978109894, 0.11290319301945174, -0.07467075091854508, 0.020212285005151598, -0.0019307602547182343], [0.0012517120482633819, -0.00152925125275836, -2.1654646421952397e-05, 0.00022585174336209874, -4.5225705001134255e-05, 0.00854285393126385, -0.07467075091854508, 0.0670801444218093, -0.02298416643616844, 0.0027339353221200085], [-0.0006560912302001887, 0.0005672901125539885, -0.00015507729744524155, -3.255096068512328e-06, 4.6447479466141114e-06, 0.00017584081770544114, 0.020212285005151598, -0.02298416643616844, 0.009221150854013314, -0.0012333808290838054], [9.685098814578736e-05, -6.810459767963919e-05, 3.4086975443010584e-05, -7.007420083893721e-06, 4.805743716097211e-07, -0.0003996540052344785, -0.0019307602547182343, 0.0027339353221200085, -0.0012333808290838054, 0.00017804803763353197]], [[0.9289835460680866, -0.014264695350327981, -0.001213301843734226, 0.0030333109446757287, -0.0010064523593350302, 0.00010809803077670822, 0.03623521597211368, -0.0007648286437191955, 0.0010962444575995406, -0.0005128204716161356, 0.0001168918433158325, -2.9553029187962416e-06], [-0.014264695350327981, 0.09277867577133084, -0.05454611273453616, 0.004353951240301957, 0.00447105952346742, -0.0009183155052297558, 0.0021631345932435807, 0.0004920148022294276, -0.0004044462586926672, 0.00023730237685034756, -6.845572625560544e-05, 5.930730610997011e-06], [-0.001213301843734226, -0.05454611273453616, 0.04342690273643106, -0.006849408528402435, -0.00283469536929539, 0.0007199991958366519, -0.0018548848160120615, 0.0011876888924409893, -0.0007671310479847246, -0.00016211962392886353, 0.0001734798218600726, -2.7246013625296868e-05], [0.0030333109446757287, 0.004353951240301957, -0.006849408528402435, 0.002210929092621049, 0.00016758261680232847, -0.0001067777208287098, 0.00017736563371327995, -0.0005762856431005349, 0.0004329073742213528, -7.188299059895726e-06, -5.386120021798923e-05, 1.015280210553695e-05], [-0.0010064523593350302, 0.00447105952346742, -0.00283469536929539, 0.00016758261680232847, 0.00026478912741898343, -5.059865704959684e-05, 0.00014992933585703596, 4.743318328499987e-05, -6.1951486308164e-05, 2.9233701414114473e-05, -4.531338215322433e-06, -5.723410550231422e-09], [0.00010809803077670822, -0.0009183155052297558, 0.0007199991958366519, -0.0001067777208287098, -5.059865704959684e-05, 1.2356293825841031e-05, -3.026194438310578e-05, 2.8012934777784535e-06, 2.486704371848145e-06, -5.919864487034122e-06, 2.299192819471433e-06, -2.5438963984023673e-07], [0.03623521597211368, 0.0021631345932435807, -0.0018548848160120615, 0.00017736563371327995, 0.00014992933585703596, -3.026194438310578e-05, 0.9478346931785654, -0.018650754934361517, 0.0016734257448609605, 0.0028719118140146127, -0.0011106698935804144, 0.00011483046060747706], [-0.0007648286437191955, 0.0004920148022294276, 0.0011876888924409893, -0.0005762856431005349, 4.743318328499987e-05, 2.8012934777784535e-06, -0.018650754934361517, 0.0989242289088317, -0.05719294186922353, 0.0047353944133674535, 0.004377894822959234, -0.0008966232399654271], [0.0010962444575995406, -0.0004044462586926672, -0.0007671310479847246, 0.0004329073742213528, -6.1951486308164e-05, 2.486704371848145e-06, 0.0016734257448609605, -0.05719294186922353, 0.04410461926858319, -0.00678760165857572, -0.0027779263644640384, 0.0006982187641503831], [-0.0005128204716161356, 0.00023730237685034756, -0.00016211962392886353, -7.188299059895726e-06, 2.9233701414114473e-05, -5.919864487034122e-06, 0.0028719118140146127, 0.0047353944133674535, -0.00678760165857572, 0.0020629817005205324, 0.00019865181733289637, -0.00010626935499325046], [0.0001168918433158325, -6.845572625560544e-05, 0.0001734798218600726, -5.386120021798923e-05, -4.531338215322433e-06, 2.299192819471433e-06, -0.0011106698935804144, 0.004377894822959234, -0.0027779263644640384, 0.00019865181733289637, 0.00023557679048285673, -4.588161768692604e-05], [-2.9553029187962416e-06, 5.930730610997011e-06, -2.7246013625296868e-05, 1.015280210553695e-05, -5.723410550231422e-09, -2.5438963984023673e-07, 0.00011483046060747706, -0.0008966232399654271, 0.0006982187641503831, -0.00010626935499325046, -4.588161768692604e-05, 1.1367723160430608e-05]], [[0.9274128025269356, -0.016589848275097602, 0.0016097359380856586, 0.0014067370728518547, -0.0006040143076043487, 4.7681076263067265e-05, 5.047785675974969e-06, 0.040714739467593936, -0.0014321649397191706, 0.0010368939669043848, -0.0005170634676666934, 9.984009460107016e-05, 1.5865241388601298e-06, 5.330795330655048e-07], [-0.016589848275097602, 0.10196732507957951, -0.0649338992552867, 0.010533606164127756, 0.0021814550912124054, -0.0004267062468433792, -4.633363611729464e-05, 0.0028649220984622486, 0.002624877105652321, -0.002211645946344891, 0.0006991856179728655, -1.9329291983000374e-05, -3.481669109767649e-05, 5.056902864819619e-06], [0.0016097359380856586, -0.0649338992552867, 0.058449307300460836, -0.015758909691553386, -0.001156844778737645, 0.0009576957407629465, -8.031222220599172e-05, -0.0022529331149177393, -0.0011578827340848956, 0.0011701037821030384, -0.0006200813699697579, 8.313613514069604e-05, 2.6681274118442498e-05, -6.375950229202998e-06], [0.0014067370728518547, 0.010533606164127756, -0.015758909691553386, 0.0069565727576783596, -0.0001336119721571265, -0.0005309880718215754, 8.559100666475215e-05, 0.0006241649905055303, 0.0002754192435852575, -0.00020064404717403018, 9.043417652670143e-05, -1.1919234529559412e-05, -3.0750186577697954e-06, 8.163731400008862e-07], [-0.0006040143076043487, 0.0021814550912124054, -0.001156844778737645, -0.0001336119721571265, 0.00010715129260277658, 2.851858771738223e-05, -1.031308261396739e-05, -0.0002420093435718252, 3.783851499463821e-06, -2.262075228436037e-05, 2.314544242643581e-05, -5.028560853486773e-06, -6.370006812455716e-07, 2.139064892633282e-07], [4.7681076263067265e-05, -0.0004267062468433792, 0.0009576957407629465, -0.0005309880718215754, 2.851858771738223e-05, 4.399533246073696e-05, -8.131743226976036e-06, 0.000134303150875638, -1.794636117394325e-05, 3.7514491659259465e-06, 2.319091943079818e-06, -5.716604187792481e-07, -2.91650090695858e-07, 7.237643477407258e-08], [5.047785675974969e-06, -4.633363611729464e-05, -8.031222220599172e-05, 8.559100666475215e-05, -1.031308261396739e-05, -8.131743226976036e-06, 1.8110506261435242e-06, -2.1413784688762277e-05, 3.3717242068424897e-06, 4.5129623232572765e-07, -1.9732711066628145e-06, 4.788853593432554e-07, 1.014169906611653e-07, -3.0989364045252805e-08], [0.040714739467593936, 0.0028649220984622486, -0.0022529331149177393, 0.0006241649905055303, -0.0002420093435718252, 0.000134303150875638, -2.1413784688762277e-05, 0.9441087708103388, -0.021968907005340186, 0.004624883672128791, 0.000928231837106942, -0.00040908728699738493, -9.562959018924101e-05, 2.705765114821134e-05], [-0.0014321649397191706, 0.002624877105652321, -0.0011578827340848956, 0.0002754192435852575, 3.783851499463821e-06, -1.794636117394325e-05, 3.3717242068424897e-06, -0.021968907005340186, 0.10701593266211963, -0.06523812076358027, 0.009723753123444185, 0.0023208958889493325, -0.0003799592320458018, -5.467071785654297e-05], [0.0010368939669043848, -0.002211645946344891, 0.0011701037821030384, -0.00020064404717403018, -2.262075228436037e-05, 3.7514491659259465e-06, 4.5129623232572765e-07, 0.004624883672128791, -0.06523812076358027, 0.056295762316900706, -0.014588681740426476, -0.001164663158805688, 0.0008624052568058265, -6.685771860540808e-05], [-0.0005170634676666934, 0.0006991856179728655, -0.0006200813699697579, 9.043417652670143e-05, 2.314544242643581e-05, 2.319091943079818e-06, -1.9732711066628145e-06, 0.000928231837106942, 0.009723753123444185, -0.014588681740426476, 0.00646544345178844, -0.00014951514252150173, -0.0004833069412449238, 7.861786509971404e-05], [9.984009460107016e-05, -1.9329291983000374e-05, 8.313613514069604e-05, -1.1919234529559412e-05, -5.028560853486773e-06, -5.716604187792481e-07, 4.788853593432554e-07, -0.00040908728699738493, 0.0023208958889493325, -0.001164663158805688, -0.00014951514252150173, 0.00011076200715820463, 2.8205423195060214e-05, -1.0261890703270199e-05], [1.5865241388601298e-06, -3.481669109767649e-05, 2.6681274118442498e-05, -3.0750186577697954e-06, -6.370006812455716e-07, -2.91650090695858e-07, 1.014169906611653e-07, -9.562959018924101e-05, -0.0003799592320458018, 0.0008624052568058265, -0.0004833069412449238, 2.8205423195060214e-05, 3.919705727625047e-05, -7.30597413106006e-06], [5.330795330655048e-07, 5.056902864819619e-06, -6.375950229202998e-06, 8.163731400008862e-07, 2.139064892633282e-07, 7.237643477407258e-08, -3.0989364045252805e-08, 2.705765114821134e-05, -5.467071785654297e-05, -6.685771860540808e-05, 7.861786509971404e-05, -1.0261890703270199e-05, -7.30597413106006e-06, 1.6574735434034141e-06]], [[0.9253168618853972, -0.019495235297977642, 0.00458875156300794, -5.162861819178339e-05, -6.0780077737655076e-05, -7.529139718906429e-06, -2.5081588593738144e-05, 6.540546836906026e-06, 0.04193812942667505, -0.003446123475591642, 0.002095413558331628, -0.0006357114749479663, -0.0001932067666422394, 0.00016691264844279714, -3.728095593462324e-05, 3.4443183407344536e-06], [-0.019495235297977642, 0.10440716495409542, -0.06733998619172021, 0.009537982158801622, 0.0033670726796724425, -0.0003654824466096071, -0.0002613044790820838, 3.96704321835161e-05, 0.0018842618323869436, 0.0007555565043683587, -3.4247799390667037e-05, -0.00036168890991317344, 0.00020013932673726287, -3.4828063511548166e-05, -6.03955675993006e-07, 7.773775223974108e-07], [0.00458875156300794, -0.06733998619172021, 0.06159698411595997, -0.014318370899805538, -0.002842434863699094, 0.0007438647245801095, 0.000301399717692022, -6.783702527484443e-05, -0.0007657697568785568, 0.0007423513207044734, -0.0010352436180414324, 0.00031862824754380577, -4.4663027079449606e-05, 2.0516503410422385e-05, -6.308940404400335e-06, 4.2640424576382265e-07], [-5.162861819178339e-05, 0.009537982158801622, -0.014318370899805538, 0.005174388066144293, 0.0005445502574631824, -0.00032270022748291823, -9.19385437061765e-05, 2.800469473113055e-05, -0.0004184654312583034, -0.0003606143693149586, 0.00047235494201343186, -0.00011073637379013505, -1.6793220343029826e-05, 2.180757013650002e-06, 2.358924774769674e-06, -3.710455254416251e-07], [-6.0780077737655076e-05, 0.0033670726796724425, -0.002842434863699094, 0.0005445502574631824, 0.00014921522911169938, -2.4275202635843245e-05, -1.3014852352390616e-05, 2.24564979388113e-06, 0.00026350381122673244, -3.3681503359373495e-05, 1.867703706566866e-05, 1.564203299897319e-06, 3.5002631553319383e-06, -1.8920783817732048e-06, 8.934049969120067e-09, 4.722340722727104e-08], [-7.529139718906429e-06, -0.0003654824466096071, 0.0007438647245801095, -0.00032270022748291823, -2.4275202635843245e-05, 2.1454677799758196e-05, 5.424516837020541e-06, -1.8444621312802555e-06, -1.4907116647172552e-05, 1.1981706781356492e-05, -1.2375903745244426e-05, -1.211680439803505e-06, 5.081237916139334e-07, 1.8779743602993496e-07, 4.309573800408426e-08, -2.0741226625339933e-08], [-2.5081588593738144e-05, -0.0002613044790820838, 0.000301399717692022, -9.19385437061765e-05, -1.3014852352390616e-05, 5.424516837020541e-06, 1.7818685346397263e-06, -4.793719187031644e-07, -1.0862995718509888e-05, 1.104658182899229e-05, -1.456446220034277e-05, 5.258414230989129e-06, 3.05369613435925e-07, -2.3212907327811575e-07, -8.786939155295775e-08, 2.452507621633828e-08], [6.540546836906026e-06, 3.96704321835161e-05, -6.783702527484443e-05, 2.800469473113055e-05, 2.24564979388113e-06, -1.8444621312802555e-06, -4.793719187031644e-07, 1.603453977754063e-07, 1.6031902045851674e-06, -2.408673352268404e-06, 3.378790212826766e-06, -1.1005347856757101e-06, -1.0154468718851505e-07, 5.993161255005717e-08, 1.559511327493033e-08, -4.6964388406048284e-09], [0.04193812942667505, 0.0018842618323869436, -0.0007657697568785568, -0.0004184654312583034, 0.00026350381122673244, -1.4907116647172552e-05, -1.0862995718509888e-05, 1.6031902045851674e-06, 0.9437857755759542, -0.01847909960635405, 0.0011696535403396748, 0.0020088924849872413, -0.00042716430076228146, -0.00013971308232150678, 4.4213967398624666e-05, -3.1578880716770532e-06], [-0.003446123475591642, 0.0007555565043683587, 0.0007423513207044734, -0.0003606143693149586, -3.3681503359373495e-05, 1.1981706781356492e-05, 1.104658182899229e-05, -2.408673352268404e-06, -0.01847909960635405, 0.10703616820482063, -0.06598047523128239, 0.009050218821909118, 0.002982033996352603, -0.0002707407807887864, -0.00023107960071896885, 3.2166926244340724e-05], [0.002095413558331628, -3.4247799390667037e-05, -0.0010352436180414324, 0.00047235494201343186, 1.867703706566866e-05, -1.2375903745244426e-05, -1.456446220034277e-05, 3.378790212826766e-06, 0.0011696535403396748, -0.06598047523128239, 0.05834211764204079, -0.013576958713276908, -0.0024258229293968527, 0.0006409656276014689, 0.00027063274632701287, -6.01336271195319e-05], [-0.0006357114749479663, -0.00036168890991317344, 0.00031862824754380577, -0.00011073637379013505, 1.564203299897319e-06, -1.211680439803505e-06, 5.258414230989129e-06, -1.1005347856757101e-06, 0.0020088924849872413, 0.009050218821909118, -0.013576958713276908, 0.004972023380532886, 0.0004634443109156723, -0.00029686656748688025, -8.509718152065748e-05, 2.5987772253477505e-05], [-0.0001932067666422394, 0.00020013932673726287, -4.4663027079449606e-05, -1.6793220343029826e-05, 3.5002631553319383e-06, 5.081237916139334e-07, 3.05369613435925e-07, -1.0154468718851505e-07, -0.00042716430076228146, 0.002982033996352603, -0.0024258229293968527, 0.0004634443109156723, 0.00011333551618275574, -1.735720263409202e-05, -1.037057782631819e-05, 1.7213630986655637e-06], [0.00016691264844279714, -3.4828063511548166e-05, 2.0516503410422385e-05, 2.180757013650002e-06, -1.8920783817732048e-06, 1.8779743602993496e-07, -2.3212907327811575e-07, 5.993161255005717e-08, -0.00013971308232150678, -0.0002707407807887864, 0.0006409656276014689, -0.00029686656748688025, -1.735720263409202e-05, 1.9608334612177768e-05, 4.737890898088618e-06, -1.6812099919600517e-06], [-3.728095593462324e-05, -6.03955675993006e-07, -6.308940404400335e-06, 2.358924774769674e-06, 8.934049969120067e-09, 4.309573800408426e-08, -8.786939155295775e-08, 1.559511327493033e-08, 4.4213967398624666e-05, -0.00023107960071896885, 0.00027063274632701287, -8.509718152065748e-05, -1.037057782631819e-05, 4.737890898088618e-06, 1.5770328155160066e-06, -4.275559289864479e-07], [3.4443183407344536e-06, 7.773775223974108e-07, 4.2640424576382265e-07, -3.710455254416251e-07, 4.722340722727104e-08, -2.0741226625339933e-08, 2.452507621633828e-08, -4.6964388406048284e-09, -3.1578880716770532e-06, 3.2166926244340724e-05, -6.01336271195319e-05, 2.5987772253477505e-05, 1.7213630986655637e-06, -1.6812099919600517e-06, -4.275559289864479e-07, 1.4649036515128184e-07]]], "B_list": [{"B_d": [[0.0004666436905063023], [1.490452827504356e-06], [8.309853202177812e-07]], "B_theta": [1.2790992521207403e-06], "B_const": [0.005586854197482552]}, {"B_d": [[1.889142835600463e-05], [6.486754647341392e-08], [5.984525926596857e-07]], "B_theta": [3.742194537635255e-07], "B_const": [0.0008923525519906698]}, {"B_d": [[2.5462123536260683e-05], [1.8984885826401753e-07], [2.441401589711262e-07]], "B_theta": [1.3257431114343277e-07], "B_const": [0.00027462347537220307]}, {"B_d": [[1.0962457082686497e-05], [2.5820163649087706e-07], [1.2672548294820105e-07]], "B_theta": [3.8574005086076855e-08], "B_const": [9.635760482157004e-05]}, {"B_d": [[2.2543004822210904e-06], [1.6998557551245016e-07], [5.41041700407283e-08]], "B_theta": [1.5534233241108233e-08], "B_const": [3.8832192214183315e-05]}, {"B_d": [[1.440680712780489e-06], [1.1794197169953784e-07], [5.704538764067505e-08]], "B_theta": [1.313430063073689e-08], "B_const": [3.76243098008498e-05]}, {"B_d": [[7.456602516696869e-07], [1.2881330184430993e-07], [3.91032057479442e-08]], "B_theta": [8.776342186936362e-09], "B_const": [2.0106168034718945e-05]}, {"B_d": [[2.247704528050727e-06], [9.945316852931148e-08], [2.987344768112742e-08]], "B_theta": [8.750818927824591e-09], "B_const": [1.9474302982543605e-05]}], "bic_scores": [-44.728889118347205, -79.61479850801396, -88.2295465418993, -86.13603282567043, -73.70416926109137, -35.782505679206025, 0.39133704247660717, 50.538273929258025], "best_bic": -88.2295465418993, "best_bic_A": [[0.943275253388258, -0.021820586778470458, 0.0020955975553904422, 0.04029269816882177, 5.851451873312313e-05, -4.3331874599603314e-05], [-0.021820586778470458, 0.02894887620143804, -0.00559410269234594, 0.0009226811305107132, -0.0007253462589650922, 0.00010104204317398708], [0.0020955975553904422, -0.00559410269234594, 0.0012880617273673715, -0.0005260499937811162, 0.0002381266154332363, -3.1680842746299044e-05], [0.04029269816882177, 0.0009226811305107132, -0.0005260499937811162, 0.9555244385673741, -0.020312965425981176, 0.001872523364413299], [5.851451873312313e-05, -0.0007253462589650922, 0.0002381266154332363, -0.020312965425981176, 0.028491921254780134, -0.005594852079191066], [-4.3331874599603314e-05, 0.00010104204317398708, -3.1680842746299044e-05, 0.001872523364413299, -0.005594852079191066, 0.0012981652715861195]], "best_bic_B": {"B_d": [[2.5462123536260683e-05], [1.8984885826401753e-07], [2.441401589711262e-07]], "B_theta": [1.3257431114343277e-07], "B_const": [0.00027462347537220307]}, "best_bic_deg": 3, "best_bic_deg_idx": 2, "aic_scores": [-50.33367864499583, -90.12377887048012, -106.44511250350732, -114.86057914974461, -115.74009071095603, -93.93219701818549, -76.67451894894194, -48.24614147792394], "best_aic": -115.74009071095603, "best_aic_A": [[0.9350302907090996, -0.02737852472053145, 0.0075104925815561874, 0.00011333045508415127, -0.00032679403764622434, 0.04258183870623374, -0.0016180960813856262, 0.0012517120482633819, -0.0006560912302001887, 9.685098814578736e-05], [-0.02737852472053145, 0.11326709148062332, -0.07734394816288678, 0.021632197132414543, -0.0021264805111126314, 0.0013689484299357368, 0.001334349558099931, -0.00152925125275836, 0.0005672901125539885, -6.810459767963919e-05], [0.0075104925815561874, -0.07734394816288678, 0.07070790337094077, -0.024604118558326227, 0.0029538181193155193, -0.0011662754591795364, 0.0005229941627218977, -2.1654646421952397e-05, -0.00015507729744524155, 3.4086975443010584e-05], [0.00011333045508415127, 0.021632197132414543, -0.024604118558326227, 0.009933546767806263, -0.0013343223608700014, 0.00028934155960016583, -0.00038819311452363103, 0.00022585174336209874, -3.255096068512328e-06, -7.007420083893721e-06], [-0.00032679403764622434, -0.0021264805111126314, 0.0029538181193155193, -0.0013343223608700014, 0.00019314845901413727, -1.6371469119943734e-05, 6.466710218658742e-05, -4.5225705001134255e-05, 4.6447479466141114e-06, 4.805743716097211e-07], [0.04258183870623374, 0.0013689484299357368, -0.0011662754591795364, 0.00028934155960016583, -1.6371469119943734e-05, 0.9570708356516121, -0.031485047978109894, 0.00854285393126385, 0.00017584081770544114, -0.0003996540052344785], [-0.0016180960813856262, 0.001334349558099931, 0.0005229941627218977, -0.00038819311452363103, 6.466710218658742e-05, -0.031485047978109894, 0.11290319301945174, -0.07467075091854508, 0.020212285005151598, -0.0019307602547182343], [0.0012517120482633819, -0.00152925125275836, -2.1654646421952397e-05, 0.00022585174336209874, -4.5225705001134255e-05, 0.00854285393126385, -0.07467075091854508, 0.0670801444218093, -0.02298416643616844, 0.0027339353221200085], [-0.0006560912302001887, 0.0005672901125539885, -0.00015507729744524155, -3.255096068512328e-06, 4.6447479466141114e-06, 0.00017584081770544114, 0.020212285005151598, -0.02298416643616844, 0.009221150854013314, -0.0012333808290838054], [9.685098814578736e-05, -6.810459767963919e-05, 3.4086975443010584e-05, -7.007420083893721e-06, 4.805743716097211e-07, -0.0003996540052344785, -0.0019307602547182343, 0.0027339353221200085, -0.0012333808290838054, 0.00017804803763353197]], "best_aic_B": {"B_d": [[2.2543004822210904e-06], [1.6998557551245016e-07], [5.41041700407283e-08]], "B_theta": [1.5534233241108233e-08], "B_const": [3.8832192214183315e-05]}, "best_aic_deg": 5, "best_aic_deg_idx": 4, "lr": [{"class_name": "PiecewiseConstantDecay", "config": {"boundaries": [3360], "values": [0.005, 0.005], "name": null}}, {"class_name": "PiecewiseConstantDecay", "config": {"boundaries": [3360], "values": [0.005, 0.005], "name": null}}, {"class_name": "PiecewiseConstantDecay", "config": {"boundaries": [3360], "values": [0.005, 0.005], "name": null}}, {"class_name": "PiecewiseConstantDecay", "config": {"boundaries": [3360], "values": [0.005, 0.005], "name": null}}, {"class_name": "PiecewiseConstantDecay", "config": {"boundaries": [3360], "values": [0.005, 0.005], "name": null}}, {"class_name": "PiecewiseConstantDecay", "config": {"boundaries": [3360], "values": [0.005, 0.005], "name": null}}, {"class_name": "PiecewiseConstantDecay", "config": {"boundaries": [3360], "values": [0.005, 0.005], "name": null}}, {"class_name": "PiecewiseConstantDecay", "config": {"boundaries": [3360], "values": [0.005, 0.005], "name": null}}], "optimizer": [{"class_name": "Adam", "config": {"name": "Adam", "learning_rate": 0.002, "decay": 0.0, "beta_1": 0.9, "beta_2": 0.999, "epsilon": 1e-07, "amsgrad": false}}, {"class_name": "Adam", "config": {"name": "Adam", "learning_rate": 0.002, "decay": 0.0, "beta_1": 0.9, "beta_2": 0.999, "epsilon": 1e-07, "amsgrad": false}}, {"class_name": "Adam", "config": {"name": "Adam", "learning_rate": 0.002, "decay": 0.0, "beta_1": 0.9, "beta_2": 0.999, "epsilon": 1e-07, "amsgrad": false}}, {"class_name": "Adam", "config": {"name": "Adam", "learning_rate": 0.002, "decay": 0.0, "beta_1": 0.9, "beta_2": 0.999, "epsilon": 1e-07, "amsgrad": false}}, {"class_name": "Adam", "config": {"name": "Adam", "learning_rate": 0.002, "decay": 0.0, "beta_1": 0.9, "beta_2": 0.999, "epsilon": 1e-07, "amsgrad": false}}, {"class_name": "Adam", "config": {"name": "Adam", "learning_rate": 0.002, "decay": 0.0, "beta_1": 0.9, "beta_2": 0.999, "epsilon": 1e-07, "amsgrad": false}}, {"class_name": "Adam", "config": {"name": "Adam", "learning_rate": 0.002, "decay": 0.0, "beta_1": 0.9, "beta_2": 0.999, "epsilon": 1e-07, "amsgrad": false}}, {"class_name": "Adam", "config": {"name": "Adam", "learning_rate": 0.002, "decay": 0.0, "beta_1": 0.9, "beta_2": 0.999, "epsilon": 1e-07, "amsgrad": false}}], "epochs": 150, "best_epochs": [142, 125, 145, 148, 148, 149, 149, 149], "batch_size": 128}