{"degree": [1, 2, 3, 4, 5, 6, 7, 8], "losses": [81.1706962259473, -82.45986587670825, -170.47050856682546, -226.45962766957558, -265.5661595901073, -267.1162620870632, -290.52562615496805, -296.2821414534142], "A_list": [[[0.9148208695236604, 0.039586998140537386], [0.039586998140537386, 0.9247071108164465]], [[0.9829095901499335, -0.009764292008691642, 0.04218179575521944, -0.00025854548127507654], [-0.009764292008691642, 0.0013856348017858395, -0.00028128785895575805, 2.7983587233376932e-05], [0.04218179575521944, -0.00028128785895575805, 0.9892591614220143, -0.008974796273452955], [-0.00025854548127507654, 2.7983587233376932e-05, -0.008974796273452955, 0.0012561144009687923]], [[0.9809491427845062, -0.017377259545015854, 0.0005400933429971597, 0.03890494949046793, -0.0002764154681785074, 1.0501782140044102e-05], [-0.017377259545015854, 0.007429108839460215, -0.0004689685976954466, 0.0011016930579862208, -5.0370901251058084e-05, 6.243149324741026e-06], [0.0005400933429971597, -0.0004689685976954466, 3.623314667263436e-05, -9.752473855984388e-05, 4.488966501799901e-07, 2.372349541809616e-08], [0.03890494949046793, 0.0011016930579862208, -9.752473855984388e-05, 0.9802760931343856, -0.015164246893077547, 0.0004266763520210448], [-0.0002764154681785074, -5.0370901251058084e-05, 4.488966501799901e-07, -0.015164246893077547, 0.00714575440898358, -0.00045614486095597515], [1.0501782140044102e-05, 6.243149324741026e-06, 2.372349541809616e-08, 0.0004266763520210448, -0.00045614486095597515, 3.513443245886336e-05]], [[0.9740470065994814, -0.024193084921990227, 0.0022286529931848467, -9.308641606680918e-05, 0.04021565790020787, -0.0015189071090878422, 0.00023585973588353192, -1.2920549135434392e-05], [-0.024193084921990227, 0.018723778012578574, -0.002912919013781474, 0.00014178039181876698, 0.0009790841552376134, 0.00016210358615008683, -3.1642538619666676e-05, 1.519490040567632e-06], [0.0022286529931848467, -0.002912919013781474, 0.0005595059637940124, -3.0401230941938854e-05, -8.47359026948011e-05, -3.5694981117379716e-05, 6.129848239262282e-06, -2.2258900029656374e-07], [-9.308641606680918e-05, 0.00014178039181876698, -3.0401230941938854e-05, 1.7632215708069668e-06, -7.430915986105468e-07, 1.706843034797521e-06, -2.724425649018799e-07, 8.111706278857453e-09], [0.04021565790020787, 0.0009790841552376134, -8.47359026948011e-05, -7.430915986105468e-07, 0.9781461603142549, -0.02310771660353997, 0.002234303487966007, -0.00010288131091992137], [-0.0015189071090878422, 0.00016210358615008683, -3.5694981117379716e-05, 1.706843034797521e-06, -0.02310771660353997, 0.017706379896962356, -0.002704162643708001, 0.00013058857210580772], [0.00023585973588353192, -3.1642538619666676e-05, 6.129848239262282e-06, -2.724425649018799e-07, 0.002234303487966007, -0.002704162643708001, 0.0005093190735895197, -2.7569187025819907e-05], [-1.2920549135434392e-05, 1.519490040567632e-06, -2.2258900029656374e-07, 8.111706278857453e-09, -0.00010288131091992137, 0.00013058857210580772, -2.7569187025819907e-05, 1.6002253890662128e-06]], [[0.962706304520725, -0.023591883561859872, 0.0026858692591139282, -0.0001635969203474004, 2.232120419921231e-06, 0.039881841106441475, -0.002009364099744514, 0.00032652623863706773, -1.7110239328115574e-05, -1.064129066362064e-07], [-0.023591883561859872, 0.022001610883127208, -0.0044717712314537895, 0.00037383555846491276, -1.0909316885433487e-05, 0.0005569173439309924, 0.0007903199595008293, -0.00020799321268220758, 2.1303572498513307e-05, -8.273828792025431e-07], [0.0026858692591139282, -0.0044717712314537895, 0.0012939892657989425, -0.00014374780302536827, 5.568611204101383e-06, -4.692971301334721e-05, -0.0001707439296250714, 4.57867845599551e-05, -4.543178432644562e-06, 1.6995108506761777e-07], [-0.0001635969203474004, 0.00037383555846491276, -0.00014374780302536827, 1.9564753493865515e-05, -8.850407874682544e-07, -2.5538028096292306e-06, 1.6879532199802906e-05, -4.724038107371583e-06, 4.815724554360899e-07, -1.7640836912006058e-08], [2.232120419921231e-06, -1.0909316885433487e-05, 5.568611204101383e-06, -8.850407874682544e-07, 4.4191374948872634e-08, -7.677405995051134e-09, -6.279180166229896e-07, 1.8071042612550118e-07, -1.8749495334202144e-08, 6.629051316470787e-10], [0.039881841106441475, 0.0005569173439309924, -4.692971301334721e-05, -2.5538028096292306e-06, -7.677405995051134e-09, 0.9664873032612028, -0.022646735383289252, 0.002747441096147071, -0.00017927006936805756, 2.329702512661105e-06], [-0.002009364099744514, 0.0007903199595008293, -0.0001707439296250714, 1.6879532199802906e-05, -6.279180166229896e-07, -0.022646735383289252, 0.021412789744095787, -0.0044070092634642755, 0.0003783241246145608, -1.1550858002687403e-05], [0.00032652623863706773, -0.00020799321268220758, 4.57867845599551e-05, -4.724038107371583e-06, 1.8071042612550118e-07, 0.002747441096147071, -0.0044070092634642755, 0.0012868433277101268, -0.0001449536678887665, 5.706969566921436e-06], [-1.7110239328115574e-05, 2.1303572498513307e-05, -4.543178432644562e-06, 4.815724554360899e-07, -1.8749495334202144e-08, -0.00017927006936805756, 0.0003783241246145608, -0.0001449536678887665, 1.9686604600567955e-05, -8.906034763801764e-07], [-1.064129066362064e-07, -8.273828792025431e-07, 1.6995108506761777e-07, -1.7640836912006058e-08, 6.629051316470787e-10, 2.329702512661105e-06, -1.1550858002687403e-05, 5.706969566921436e-06, -8.906034763801764e-07, 4.4058255232290125e-08]], [[0.9623360496000377, -0.019979230732372278, 0.0017686267962737413, 2.8661897958911345e-05, -2.3457310383004715e-05, 1.3485379899046493e-06, 0.03914119868304698, -0.0023027869790528187, 0.00030087901897711647, -1.2853156868592848e-05, 3.405054318699818e-07, -5.759315817383626e-08], [-0.019979230732372278, 0.020007909287154093, -0.003663054706386985, 0.00010312771498958843, 2.9530283213635703e-05, -2.0362996856834594e-06, 0.0015843122822993317, 0.000601013404263033, -0.00013736770301430422, 7.872807906233484e-06, 3.6184512027761876e-07, -4.171118962229322e-08], [0.0017686267962737413, -0.003663054706386985, 0.0009277021664260629, -4.6024895492186065e-05, -6.731766577964415e-06, 5.589127741065433e-07, -0.00020896298156307684, -9.490540391010587e-05, 2.145628707920057e-05, -1.1548643318762222e-06, -2.6682183180028716e-08, 3.067317795074046e-09], [2.8661897958911345e-05, 0.00010312771498958843, -4.6024895492186065e-05, 4.183317007080925e-06, 2.3785459554854518e-07, -3.153948843260115e-08, 2.226865810087517e-05, 2.1687217651101327e-06, -9.349135148812096e-07, 1.0442199766345431e-07, -2.8065736766356708e-09, -5.953547870122286e-11], [-2.3457310383004715e-05, 2.9530283213635703e-05, -6.731766577964415e-06, 2.3785459554854518e-07, 5.664535005141386e-08, -4.0347610829367125e-09, -3.10063280706835e-06, 8.730898631112006e-07, -1.0337155006629412e-07, -5.2593990457552085e-09, 6.550404526206647e-10, 9.87141391933047e-12], [1.3485379899046493e-06, -2.0362996856834594e-06, 5.589127741065433e-07, -3.153948843260115e-08, -4.0347610829367125e-09, 3.55638253362421e-10, 1.8245066049880763e-07, -6.126566577415905e-08, 8.827877389379638e-09, 1.0396128055025862e-10, -3.321827548016224e-11, -1.0907193638823669e-12], [0.03914119868304698, 0.0015843122822993317, -0.00020896298156307684, 2.226865810087517e-05, -3.10063280706835e-06, 1.8245066049880763e-07, 0.959434440499183, -0.01807235866728615, 0.001558527679116199, 5.2785116853200534e-05, -2.6675716344683507e-05, 1.4797801318192723e-06], [-0.0023027869790528187, 0.000601013404263033, -9.490540391010587e-05, 2.1687217651101327e-06, 8.730898631112006e-07, -6.126566577415905e-08, -0.01807235866728615, 0.019498425187902024, -0.0035561811216883133, 0.00010431364392812011, 2.7842388486036247e-05, -1.9340676781211546e-06], [0.00030087901897711647, -0.00013736770301430422, 2.145628707920057e-05, -9.349135148812096e-07, -1.0337155006629412e-07, 8.827877389379638e-09, 0.001558527679116199, -0.0035561811216883133, 0.0009022589004860091, -4.612435681362668e-05, -6.340156958558078e-06, 5.354828151266191e-07], [-1.2853156868592848e-05, 7.872807906233484e-06, -1.1548643318762222e-06, 1.0442199766345431e-07, -5.2593990457552085e-09, 1.0396128055025862e-10, 5.2785116853200534e-05, 0.00010431364392812011, -4.612435681362668e-05, 4.170015120561542e-06, 2.3457770684175963e-07, -3.117754428591193e-08], [3.405054318699818e-07, 3.6184512027761876e-07, -2.6682183180028716e-08, -2.8065736766356708e-09, 6.550404526206647e-10, -3.321827548016224e-11, -2.6675716344683507e-05, 2.7842388486036247e-05, -6.340156958558078e-06, 2.3457770684175963e-07, 5.174377175122685e-08, -3.738529501223042e-09], [-5.759315817383626e-08, -4.171118962229322e-08, 3.067317795074046e-09, -5.953547870122286e-11, 9.87141391933047e-12, -1.0907193638823669e-12, 1.4797801318192723e-06, -1.9340676781211546e-06, 5.354828151266191e-07, -3.117754428591193e-08, -3.738529501223042e-09, 3.365352323465742e-10]], [[0.9620620343746946, -0.021479023832032665, 0.0023377337802994594, -8.359253064054993e-05, -1.1771815408907392e-05, 7.155957876714006e-07, 1.299303014757991e-08, 0.03889270139314573, -0.0016484162931374353, 0.00019148289015480017, 2.105118440761277e-07, 1.1172688911502327e-06, -3.466953920897097e-07, 1.9211075607589263e-08], [-0.021479023832032665, 0.021848377289266828, -0.004345335220925294, 0.00023226116052942823, 1.5778923643719492e-05, -1.243687488728016e-06, -1.8938168833819866e-08, 0.0012075610882440768, 0.0001987396606351706, 2.6963720619034157e-05, -1.3340200731081306e-05, 6.683073753198586e-07, 8.806961450764537e-08, -6.6230408658924505e-09], [0.0023377337802994594, -0.004345335220925294, 0.0012542888667333772, -0.00011166564802742179, -2.662069836047931e-06, 7.772830501920283e-07, -2.4020556478572452e-08, -0.0002278107585238499, 1.997821597399029e-05, -2.5085308261953508e-05, 4.5854749585606015e-06, -8.007035533468608e-08, -3.308885666981058e-08, 1.7514653438469725e-09], [-8.359253064054993e-05, 0.00023226116052942823, -0.00011166564802742179, 1.6851428339781828e-05, -1.711363732904452e-07, -1.4414806082196467e-07, 8.248329185158116e-09, 1.9435331730800794e-05, -6.92577016020723e-06, 3.414563732049119e-06, -4.5761045666000166e-07, -4.260022984705107e-09, 4.9963965252614494e-09, -2.6088077154079677e-10], [-1.1771815408907392e-05, 1.5778923643719492e-05, -2.662069836047931e-06, -1.711363732904452e-07, 3.4395460806630256e-08, 3.118356102450737e-09, -3.7462506695690017e-10, -2.515321698742504e-07, 2.9862054748423284e-07, -4.33071039546571e-08, -3.811348017876647e-09, 9.944649581129378e-10, -8.970375333374507e-11, 4.6574687621083805e-12], [7.155957876714006e-07, -1.243687488728016e-06, 7.772830501920283e-07, -1.4414806082196467e-07, 3.118356102450737e-09, 1.322508799921811e-09, -8.593956058334369e-11, -1.1723558576607856e-07, 1.1939932912324784e-08, -1.5273905112802055e-08, 2.577102372728506e-09, 2.319960337062253e-11, -4.157691972448434e-11, 2.5975610885163868e-12], [1.299303014757991e-08, -1.8938168833819866e-08, -2.4020556478572452e-08, 8.248329185158116e-09, -3.7462506695690017e-10, -8.593956058334369e-11, 6.773138848244801e-12, 7.094239627107274e-09, -8.724619449647651e-10, 6.359954340095649e-10, -8.509850816555243e-11, -4.95775728663139e-12, 2.581928716952134e-12, -1.7375946544242904e-13], [0.03889270139314573, 0.0012075610882440768, -0.0002278107585238499, 1.9435331730800794e-05, -2.515321698742504e-07, -1.1723558576607856e-07, 7.094239627107274e-09, 0.9621267544950779, -0.020193228518860316, 0.0021766547735686055, -5.2259117119576795e-05, -1.4245455797290117e-05, 4.6741148608107166e-07, 3.3558210842077006e-08], [-0.0016484162931374353, 0.0001987396606351706, 1.997821597399029e-05, -6.92577016020723e-06, 2.9862054748423284e-07, 1.1939932912324784e-08, -8.724619449647651e-10, -0.020193228518860316, 0.021192561732469428, -0.004154126235727661, 0.00021220519519580915, 1.606432949947828e-05, -1.1498469995454883e-06, -2.3476842637999802e-08], [0.00019148289015480017, 2.6963720619034157e-05, -2.5085308261953508e-05, 3.414563732049119e-06, -4.33071039546571e-08, -1.5273905112802055e-08, 6.359954340095649e-10, 0.0021766547735686055, -0.004154126235727661, 0.0011808068101285638, -0.00010167425012027256, -2.9063268728738476e-06, 7.202342447521325e-07, -2.0477604096095503e-08], [2.105118440761277e-07, -1.3340200731081306e-05, 4.5854749585606015e-06, -4.5761045666000166e-07, -3.811348017876647e-09, 2.577102372728506e-09, -8.509850816555243e-11, -5.2259117119576795e-05, 0.00021220519519580915, -0.00010167425012027256, 1.5069553435236227e-05, -1.1243135845362096e-07, -1.3218478262496176e-07, 7.426760069146058e-09], [1.1172688911502327e-06, 6.683073753198586e-07, -8.007035533468608e-08, -4.260022984705107e-09, 9.944649581129378e-10, 2.319960337062253e-11, -4.95775728663139e-12, -1.4245455797290117e-05, 1.606432949947828e-05, -2.9063268728738476e-06, -1.1243135845362096e-07, 3.247666065258194e-08, 2.5883321126670722e-09, -3.376148315194962e-10], [-3.466953920897097e-07, 8.806961450764537e-08, -3.308885666981058e-08, 4.9963965252614494e-09, -8.970375333374507e-11, -4.157691972448434e-11, 2.581928716952134e-12, 4.6741148608107166e-07, -1.1498469995454883e-06, 7.202342447521325e-07, -1.3218478262496176e-07, 2.5883321126670722e-09, 1.2477662003108563e-09, -8.022331789295533e-11], [1.9211075607589263e-08, -6.6230408658924505e-09, 1.7514653438469725e-09, -2.6088077154079677e-10, 4.6574687621083805e-12, 2.5975610885163868e-12, -1.7375946544242904e-13, 3.3558210842077006e-08, -2.3476842637999802e-08, -2.0477604096095503e-08, 7.426760069146058e-09, -3.376148315194962e-10, -8.022331789295533e-11, 6.332753286816289e-12]], [[0.9600214936245494, -0.021692267242190953, 0.0023998053349040746, -6.586194466218799e-05, -1.7824778090950653e-05, 4.0023768590732365e-07, 1.9029560553351177e-07, -1.1070878507364696e-08, 0.03946924564650101, -0.00143869734659483, 6.764381064296849e-05, 1.8693312856197467e-05, -1.7914763235677305e-06, -4.956549742674292e-08, 4.953065062402823e-09, -3.4604949995666303e-10], [-0.021692267242190953, 0.023238362640735026, -0.004698575239624299, 0.00022186042613049178, 2.4607940818976402e-05, -9.356280308597432e-07, -2.204145350896497e-07, 1.1783435324578403e-08, 0.0005147552865217758, 0.00011560254019856383, 2.5348111191873317e-05, -8.659321875768033e-06, 3.315753325856187e-07, 3.5979376159956244e-08, -4.494874110592749e-09, 1.9155063975229475e-10], [0.0023998053349040746, -0.004698575239624299, 0.0013574487882382384, -0.00010385836777984715, -6.756256740294307e-06, 5.945954158175527e-07, 8.321318215218608e-08, -6.4036626128737285e-09, 3.658750839376924e-06, 3.93083709603562e-05, -2.1202444169456706e-05, 2.626554765163987e-06, 5.739015794983496e-08, -9.165579784773608e-09, -8.437190079252747e-10, 5.438330983654226e-11], [-6.586194466218799e-05, 0.00022186042613049178, -0.00010385836777984715, 1.2708379323522905e-05, 4.331622920003911e-07, -9.082775867976192e-08, -8.887662876279569e-09, 9.344270994059168e-10, -1.7190113423552963e-05, -1.0037952034000148e-05, 3.2872136525195243e-06, -2.6874645046986623e-07, -1.944094440850392e-08, 1.5473866369718112e-09, 2.508497293603123e-10, -1.851992897117595e-11], [-1.7824778090950653e-05, 2.4607940818976402e-05, -6.756256740294307e-06, 4.331622920003911e-07, 3.739678724025499e-08, -2.011018265369908e-09, -3.808821346275796e-10, 2.2065499807058188e-11, 2.8624326689736134e-06, 6.449214049508475e-07, -1.4720577254595736e-07, 7.179882624669696e-09, 1.1119906910634215e-09, -8.320796782940104e-11, -1.276917450473811e-11, 1.0395394010165703e-12], [4.0023768590732365e-07, -9.356280308597432e-07, 5.945954158175527e-07, -9.082775867976192e-08, -2.011018265369908e-09, 7.130980809412333e-10, 6.073416931679504e-11, -7.316919072784463e-12, -1.3740023789670893e-07, 2.989023433398538e-09, -5.622474371846526e-09, 4.588778501069983e-10, 5.552291340234906e-11, -5.657676428869916e-12, -7.086438042931545e-13, 7.278612474667853e-14], [1.9029560553351177e-07, -2.204145350896497e-07, 8.321318215218608e-08, -8.887662876279569e-09, -3.808821346275796e-10, 6.073416931679504e-11, 6.5965707300047445e-12, -6.327646531812321e-13, -2.8744153888914913e-08, -1.4851821527651952e-09, 5.388335886529617e-10, -7.914121786441842e-12, -4.697094328922939e-12, -1.1139110388172324e-13, 1.8390865942877083e-14, 1.9020874422767143e-15], [-1.1070878507364696e-08, 1.1783435324578403e-08, -6.4036626128737285e-09, 9.344270994059168e-10, 2.2065499807058188e-11, -7.316919072784463e-12, -6.327646531812321e-13, 7.551265234857855e-14, 2.4821389574234587e-09, 1.0788109162762086e-11, -2.84021565814731e-12, -4.916085956852269e-13, -6.096104242436738e-14, 4.9231014591364544e-14, 2.7688272435363914e-15, -6.310168869625071e-16], [0.03946924564650101, 0.0005147552865217758, 3.658750839376924e-06, -1.7190113423552963e-05, 2.8624326689736134e-06, -1.3740023789670893e-07, -2.8744153888914913e-08, 2.4821389574234587e-09, 0.9585539005475228, -0.019654882416028762, 0.002009917400973915, -1.915983423200307e-06, -2.165539026891262e-05, 1.7192252534661189e-07, 2.1096144838976588e-07, -1.0978970635094356e-08], [-0.00143869734659483, 0.00011560254019856383, 3.93083709603562e-05, -1.0037952034000148e-05, 6.449214049508475e-07, 2.989023433398538e-09, -1.4851821527651952e-09, 1.0788109162762086e-11, -0.019654882416028762, 0.022530965500834922, -0.00451935552511892, 0.00021147547843279095, 2.3722151416317494e-05, -8.639464485277762e-07, -2.186224426904451e-07, 1.1652567637378174e-08], [6.764381064296849e-05, 2.5348111191873317e-05, -2.1202444169456706e-05, 3.2872136525195243e-06, -1.4720577254595736e-07, -5.622474371846526e-09, 5.388335886529617e-10, -2.84021565814731e-12, 0.002009917400973915, -0.00451935552511892, 0.0012911121372290266, -9.63508072444779e-05, -6.6406665215716615e-06, 5.454236409999184e-07, 8.205423949522536e-08, -6.14644282881271e-09], [1.8693312856197467e-05, -8.659321875768033e-06, 2.626554765163987e-06, -2.6874645046986623e-07, 7.179882624669696e-09, 4.588778501069983e-10, -7.914121786441842e-12, -4.916085956852269e-13, -1.915983423200307e-06, 0.00021147547843279095, -9.63508072444779e-05, 1.1392878691734251e-05, 4.3542990212678367e-07, -8.10978855783216e-08, -8.575268507354397e-09, 8.675233575651087e-10], [-1.7914763235677305e-06, 3.315753325856187e-07, 5.739015794983496e-08, -1.944094440850392e-08, 1.1119906910634215e-09, 5.552291340234906e-11, -4.697094328922939e-12, -6.096104242436738e-14, -2.165539026891262e-05, 2.3722151416317494e-05, -6.6406665215716615e-06, 4.3542990212678367e-07, 3.7013399298783064e-08, -2.0725695174067143e-09, -3.9306840746818747e-10, 2.3568443965865322e-11], [-4.956549742674292e-08, 3.5979376159956244e-08, -9.165579784773608e-09, 1.5473866369718112e-09, -8.320796782940104e-11, -5.657676428869916e-12, -1.1139110388172324e-13, 4.9231014591364544e-14, 1.7192252534661189e-07, -8.639464485277762e-07, 5.454236409999184e-07, -8.10978855783216e-08, -2.0725695174067143e-09, 6.359947769889778e-10, 5.836097093824428e-11, -6.778996292254281e-12], [4.953065062402823e-09, -4.494874110592749e-09, -8.437190079252747e-10, 2.508497293603123e-10, -1.276917450473811e-11, -7.086438042931545e-13, 1.8390865942877083e-14, 2.7688272435363914e-15, 2.1096144838976588e-07, -2.186224426904451e-07, 8.205423949522536e-08, -8.575268507354397e-09, -3.9306840746818747e-10, 5.836097093824428e-11, 6.7502070890551195e-12, -6.324294155867348e-13], [-3.4604949995666303e-10, 1.9155063975229475e-10, 5.438330983654226e-11, -1.851992897117595e-11, 1.0395394010165703e-12, 7.278612474667853e-14, 1.9020874422767143e-15, -6.310168869625071e-16, -1.0978970635094356e-08, 1.1652567637378174e-08, -6.14644282881271e-09, 8.675233575651087e-10, 2.3568443965865322e-11, -6.778996292254281e-12, -6.324294155867348e-13, 7.280784628129704e-14]]], "B_list": [{"B_d": [[0.0016476324269609247], [7.678493040236351e-05], [8.648050739275167e-06]], "B_theta": [9.831637646416542e-06], "B_const": [0.1258842286757623]}, {"B_d": [[0.0007471372029896905], [3.706636038314548e-07], [9.210134528338055e-07]], "B_theta": [6.617309496860391e-06], "B_const": [0.017874846262018438]}, {"B_d": [[0.0003063711754190852], [4.4071208271109963e-07], [5.284645239125052e-07]], "B_theta": [2.4127625575960626e-06], "B_const": [0.006149399969260189]}, {"B_d": [[0.00012121029804901877], [9.83714800420479e-07], [2.6052108824560063e-07]], "B_theta": [9.79390136820664e-07], "B_const": [0.003107296536623962]}, {"B_d": [[9.959977818649962e-05], [9.845838628782075e-08], [1.821801516184228e-07]], "B_theta": [4.839619254584567e-07], "B_const": [0.001849305604598466]}, {"B_d": [[0.0001156822760563787], [9.78456106592341e-08], [1.9312861010482514e-07]], "B_theta": [5.340096253118546e-07], "B_const": [0.0018248094738774188]}, {"B_d": [[9.83339665102628e-06], [1.5571132179473278e-07], [1.7207851736175095e-07]], "B_theta": [1.7211599909901495e-07], "B_const": [0.0012997639188907066]}, {"B_d": [[4.7494571471685535e-05], [5.023477669446079e-07], [1.511958899734269e-07]], "B_theta": [1.9706226964158933e-07], "B_const": [0.0012394504710030382]}], "bic_scores": [99.16993490726836, -48.71129334923126, -111.97298285253201, -134.21352942780516, -130.57186948019935, -80.3741607683572, -43.03609428680346, 20.95444030486948], "best_bic": -134.21352942780516, "best_bic_A": [[0.9740470065994814, -0.024193084921990227, 0.0022286529931848467, -9.308641606680918e-05, 0.04021565790020787, -0.0015189071090878422, 0.00023585973588353192, -1.2920549135434392e-05], [-0.024193084921990227, 0.018723778012578574, -0.002912919013781474, 0.00014178039181876698, 0.0009790841552376134, 0.00016210358615008683, -3.1642538619666676e-05, 1.519490040567632e-06], [0.0022286529931848467, -0.002912919013781474, 0.0005595059637940124, -3.0401230941938854e-05, -8.47359026948011e-05, -3.5694981117379716e-05, 6.129848239262282e-06, -2.2258900029656374e-07], [-9.308641606680918e-05, 0.00014178039181876698, -3.0401230941938854e-05, 1.7632215708069668e-06, -7.430915986105468e-07, 1.706843034797521e-06, -2.724425649018799e-07, 8.111706278857453e-09], [0.04021565790020787, 0.0009790841552376134, -8.47359026948011e-05, -7.430915986105468e-07, 0.9781461603142549, -0.02310771660353997, 0.002234303487966007, -0.00010288131091992137], [-0.0015189071090878422, 0.00016210358615008683, -3.5694981117379716e-05, 1.706843034797521e-06, -0.02310771660353997, 0.017706379896962356, -0.002704162643708001, 0.00013058857210580772], [0.00023585973588353192, -3.1642538619666676e-05, 6.129848239262282e-06, -2.724425649018799e-07, 0.002234303487966007, -0.002704162643708001, 0.0005093190735895197, -2.7569187025819907e-05], [-1.2920549135434392e-05, 1.519490040567632e-06, -2.2258900029656374e-07, 8.111706278857453e-09, -0.00010288131091992137, 0.00013058857210580772, -2.7569187025819907e-05, 1.6002253890662128e-06]], "best_bic_B": {"B_d": [[0.00012121029804901877], [9.83714800420479e-07], [2.6052108824560063e-07]], "B_theta": [9.79390136820664e-07], "B_const": [0.003107296536623962]}, "best_bic_deg": 4, "best_bic_deg_idx": 3, "aic_scores": [89.1706962259473, -67.45986587670825, -144.47050856682546, -185.45962766957558, -205.5661595901073, -184.1162620870632, -180.52562615496805, -155.28214145341423], "best_aic": -205.5661595901073, "best_aic_A": [[0.962706304520725, -0.023591883561859872, 0.0026858692591139282, -0.0001635969203474004, 2.232120419921231e-06, 0.039881841106441475, -0.002009364099744514, 0.00032652623863706773, -1.7110239328115574e-05, -1.064129066362064e-07], [-0.023591883561859872, 0.022001610883127208, -0.0044717712314537895, 0.00037383555846491276, -1.0909316885433487e-05, 0.0005569173439309924, 0.0007903199595008293, -0.00020799321268220758, 2.1303572498513307e-05, -8.273828792025431e-07], [0.0026858692591139282, -0.0044717712314537895, 0.0012939892657989425, -0.00014374780302536827, 5.568611204101383e-06, -4.692971301334721e-05, -0.0001707439296250714, 4.57867845599551e-05, -4.543178432644562e-06, 1.6995108506761777e-07], [-0.0001635969203474004, 0.00037383555846491276, -0.00014374780302536827, 1.9564753493865515e-05, -8.850407874682544e-07, -2.5538028096292306e-06, 1.6879532199802906e-05, -4.724038107371583e-06, 4.815724554360899e-07, -1.7640836912006058e-08], [2.232120419921231e-06, -1.0909316885433487e-05, 5.568611204101383e-06, -8.850407874682544e-07, 4.4191374948872634e-08, -7.677405995051134e-09, -6.279180166229896e-07, 1.8071042612550118e-07, -1.8749495334202144e-08, 6.629051316470787e-10], [0.039881841106441475, 0.0005569173439309924, -4.692971301334721e-05, -2.5538028096292306e-06, -7.677405995051134e-09, 0.9664873032612028, -0.022646735383289252, 0.002747441096147071, -0.00017927006936805756, 2.329702512661105e-06], [-0.002009364099744514, 0.0007903199595008293, -0.0001707439296250714, 1.6879532199802906e-05, -6.279180166229896e-07, -0.022646735383289252, 0.021412789744095787, -0.0044070092634642755, 0.0003783241246145608, -1.1550858002687403e-05], [0.00032652623863706773, -0.00020799321268220758, 4.57867845599551e-05, -4.724038107371583e-06, 1.8071042612550118e-07, 0.002747441096147071, -0.0044070092634642755, 0.0012868433277101268, -0.0001449536678887665, 5.706969566921436e-06], [-1.7110239328115574e-05, 2.1303572498513307e-05, -4.543178432644562e-06, 4.815724554360899e-07, -1.8749495334202144e-08, -0.00017927006936805756, 0.0003783241246145608, -0.0001449536678887665, 1.9686604600567955e-05, -8.906034763801764e-07], [-1.064129066362064e-07, -8.273828792025431e-07, 1.6995108506761777e-07, -1.7640836912006058e-08, 6.629051316470787e-10, 2.329702512661105e-06, -1.1550858002687403e-05, 5.706969566921436e-06, -8.906034763801764e-07, 4.4058255232290125e-08]], "best_aic_B": {"B_d": [[9.959977818649962e-05], [9.845838628782075e-08], [1.821801516184228e-07]], "B_theta": [4.839619254584567e-07], "B_const": [0.001849305604598466]}, "best_aic_deg": 5, "best_aic_deg_idx": 4, "lr": [{"class_name": "PiecewiseConstantDecay", "config": {"boundaries": [3360], "values": [0.005, 0.005], "name": null}}, {"class_name": "PiecewiseConstantDecay", "config": {"boundaries": [3360], "values": [0.005, 0.005], "name": null}}, {"class_name": "PiecewiseConstantDecay", "config": {"boundaries": [3360], "values": [0.005, 0.005], "name": null}}, {"class_name": "PiecewiseConstantDecay", "config": {"boundaries": [3360], "values": [0.005, 0.005], "name": null}}, {"class_name": "PiecewiseConstantDecay", "config": {"boundaries": [3360], "values": [0.005, 0.005], "name": null}}, {"class_name": "PiecewiseConstantDecay", "config": {"boundaries": [3360], "values": [0.005, 0.005], "name": null}}, {"class_name": "PiecewiseConstantDecay", "config": {"boundaries": [3360], "values": [0.005, 0.005], "name": null}}, {"class_name": "PiecewiseConstantDecay", "config": {"boundaries": [3360], "values": [0.005, 0.005], "name": null}}], "optimizer": [{"class_name": "Adam", "config": {"name": "Adam", "learning_rate": 0.002, "decay": 0.0, "beta_1": 0.9, "beta_2": 0.999, "epsilon": 1e-07, "amsgrad": false}}, {"class_name": "Adam", "config": {"name": "Adam", "learning_rate": 0.002, "decay": 0.0, "beta_1": 0.9, "beta_2": 0.999, "epsilon": 1e-07, "amsgrad": false}}, {"class_name": "Adam", "config": {"name": "Adam", "learning_rate": 0.002, "decay": 0.0, "beta_1": 0.9, "beta_2": 0.999, "epsilon": 1e-07, "amsgrad": false}}, {"class_name": "Adam", "config": {"name": "Adam", "learning_rate": 0.002, "decay": 0.0, "beta_1": 0.9, "beta_2": 0.999, "epsilon": 1e-07, "amsgrad": false}}, {"class_name": "Adam", "config": {"name": "Adam", "learning_rate": 0.002, "decay": 0.0, "beta_1": 0.9, "beta_2": 0.999, "epsilon": 1e-07, "amsgrad": false}}, {"class_name": "Adam", "config": {"name": "Adam", "learning_rate": 0.002, "decay": 0.0, "beta_1": 0.9, "beta_2": 0.999, "epsilon": 1e-07, "amsgrad": false}}, {"class_name": "Adam", "config": {"name": "Adam", "learning_rate": 0.002, "decay": 0.0, "beta_1": 0.9, "beta_2": 0.999, "epsilon": 1e-07, "amsgrad": false}}, {"class_name": "Adam", "config": {"name": "Adam", "learning_rate": 0.002, "decay": 0.0, "beta_1": 0.9, "beta_2": 0.999, "epsilon": 1e-07, "amsgrad": false}}], "epochs": 200, "best_epochs": [157, 178, 150, 185, 199, 199, 197, 196], "batch_size": 128}