{"degree": [1, 2, 3, 4, 5, 6, 7, 8], "losses": [-33.13226625378116, -119.38168582006496, -162.12708490693817, -193.21049151534393, -216.82985597386622, -218.55025420104926, -233.25286261425646, -239.79786493645088], "A_list": [[[0.9203724657964294, 0.03871972394099284], [0.03871972394099284, 0.9407620156582771]], [[0.9646574221132732, -0.011289654935830246, 0.04012090441267227, -0.00043114638097961096], [-0.011289654935830246, 0.0025971502881337928, -0.00014373697582088907, 9.776634029209474e-05], [0.04012090441267227, -0.00014373697582088907, 0.9900202075993569, -0.010593462283244542], [-0.00043114638097961096, 9.776634029209474e-05, -0.010593462283244542, 0.002523932888802352]], [[0.9652255628588868, -0.019123653770790446, 0.0010856613477890841, 0.04111317779399138, -0.002092784527433479, 0.0002136289775573613], [-0.019123653770790446, 0.014062578189089566, -0.0016129194351606137, 0.0005467703416272556, 0.00022810410893274463, -1.473809930468164e-05], [0.0010856613477890841, -0.0016129194351606137, 0.0002274549067425821, -0.00011964810282181785, -1.2863549079371001e-05, 1.0930674954496323e-06], [0.04111317779399138, 0.0005467703416272556, -0.00011964810282181785, 0.9858923679006854, -0.018496909344859543, 0.0009557388690207655], [-0.002092784527433479, 0.00022810410893274463, -1.2863549079371001e-05, -0.018496909344859543, 0.013643543354807327, -0.0015478890748834473], [0.0002136289775573613, -1.473809930468164e-05, 1.0930674954496323e-06, 0.0009557388690207655, -0.0015478890748834473, 0.0002163775047610349]], [[0.9725389316936328, -0.03520725384531847, 0.007007472576011424, -0.0005889795059053831, 0.037616928270755565, -0.0021089444752501094, 0.0002520677064472395, 3.218174866406545e-06], [-0.03520725384531847, 0.04593701699137563, -0.013157326791461508, 0.001187812617194718, 0.003241511480933051, 0.0002444645936882666, -3.7969016662002414e-05, 2.3500688526982006e-06], [0.007007472576011424, -0.013157326791461508, 0.004397015760863497, -0.000429948383212842, -0.0011574968154979208, 9.671911508521209e-05, -2.9695735021985052e-05, 3.0515344396844844e-06], [-0.0005889795059053831, 0.001187812617194718, -0.000429948383212842, 4.4324575603409294e-05, 0.00011298212319600244, -1.872213391126608e-05, 5.631022636426546e-06, -5.887780448311685e-07], [0.037616928270755565, 0.003241511480933051, -0.0011574968154979208, 0.00011298212319600244, 0.990937853441779, -0.03434678492880893, 0.006876020305654799, -0.0006061168223610326], [-0.0021089444752501094, 0.0002444645936882666, 9.671911508521209e-05, -1.872213391126608e-05, -0.03434678492880893, 0.04390213629803921, -0.012582675606362625, 0.0011401569189933868], [0.0002520677064472395, -3.7969016662002414e-05, -2.9695735021985052e-05, 5.631022636426546e-06, 0.006876020305654799, -0.012582675606362625, 0.00422561161528994, -0.0004155558463083429], [3.218174866406545e-06, 2.3500688526982006e-06, 3.0515344396844844e-06, -5.887780448311685e-07, -0.0006061168223610326, 0.0011401569189933868, -0.0004155558463083429, 4.309951973996023e-05]], [[0.9657136024371027, -0.03363070672930242, 0.007341972147785722, -0.0007205332166269616, 5.551304240573453e-06, 0.03970296414359381, -0.002575278014783874, 0.0004602683081164504, -4.5005574442361985e-05, 5.237073623983423e-06], [-0.03363070672930242, 0.05308342062968907, -0.019861625304167456, 0.0030793416538367384, -0.00016720678559987363, 0.002623170822607518, -0.0007132049681595766, 0.0006069616520948962, -0.00014523075995459257, 1.160753816793456e-05], [0.007341972147785722, -0.019861625304167456, 0.010174441820415573, -0.0020447060942489818, 0.00014367927008864065, -0.0008657093878953187, 0.0009014924499277199, -0.0005333537412548071, 0.00012151815269141909, -9.455410521438668e-06], [-0.0007205332166269616, 0.0030793416538367384, -0.0020447060942489818, 0.0004954573374965136, -4.013785001807538e-05, 6.220524744597836e-05, -0.00024721357416062625, 0.00014124381653257397, -3.217649389539186e-05, 2.5259294031144107e-06], [5.551304240573453e-06, -0.00016720678559987363, 0.00014367927008864065, -4.013785001807538e-05, 3.56150195279566e-06, 4.8193891701557705e-06, 1.997499898085728e-05, -1.1762391831364743e-05, 2.764827391992475e-06, -2.2339803769641654e-07], [0.03970296414359381, 0.002623170822607518, -0.0008657093878953187, 6.220524744597836e-05, 4.8193891701557705e-06, 0.9835132228388972, -0.03230417734721358, 0.007393583528243714, -0.0007630206180660487, 9.468541180489903e-06], [-0.002575278014783874, -0.0007132049681595766, 0.0009014924499277199, -0.00024721357416062625, 1.997499898085728e-05, -0.03230417734721358, 0.052018309063219255, -0.02001586073458539, 0.003214218178073599, -0.00018350026357160612], [0.0004602683081164504, 0.0006069616520948962, -0.0005333537412548071, 0.00014124381653257397, -1.1762391831364743e-05, 0.007393583528243714, -0.02001586073458539, 0.010422896859655742, -0.0021169594795929407, 0.0001503945548133136], [-4.5005574442361985e-05, -0.00014523075995459257, 0.00012151815269141909, -3.217649389539186e-05, 2.764827391992475e-06, -0.0007630206180660487, 0.003214218178073599, -0.0021169594795929407, 0.0005093302617141809, -4.109437851054044e-05], [5.237073623983423e-06, 1.160753816793456e-05, -9.455410521438668e-06, 2.5259294031144107e-06, -2.2339803769641654e-07, 9.468541180489903e-06, -0.00018350026357160612, 0.0001503945548133136, -4.109437851054044e-05, 3.6037182109597524e-06]], [[0.9559554056049404, -0.028832770539564137, 0.004834343590889045, 0.000273134972762975, -0.00023219413836300312, 2.1427589894804763e-05, 0.039483639709503374, -0.0028845748900686156, 0.0003758610125551312, 9.378081198551122e-06, -1.3266355852182803e-05, 1.4991198694972079e-06], [-0.028832770539564137, 0.05011473344104784, -0.016496161378069998, 0.0007550440991209989, 0.00046206836441931915, -5.6090295963664404e-05, 0.0015044517602685625, 0.0004952539944737311, -9.726138631484902e-05, -2.0394396297029685e-05, 6.3165899110913865e-06, -4.731337429382243e-07], [0.004834343590889045, -0.016496161378069998, 0.007175071589933727, -0.0005799004220241004, -0.0001853415885738822, 2.6557425140623647e-05, -0.0003110192444141576, 0.00023371717933903783, -0.00011041281403597051, 2.44735608017614e-05, -6.233503084540614e-07, -1.555602552808968e-07], [0.000273134972762975, 0.0007550440991209989, -0.0005799004220241004, 8.950597321922674e-05, 1.1503673689466558e-05, -2.497653080095294e-06, -1.5936875173763484e-05, -7.359601015226396e-05, 3.6520353214836444e-05, -5.772615158710277e-06, -3.716156505946317e-07, 1.0334605936442783e-07], [-0.00023219413836300312, 0.00046206836441931915, -0.0001853415885738822, 1.1503673689466558e-05, 5.299503519066656e-06, -6.820294887404874e-07, -5.3412672377728325e-06, 1.3852200347419097e-06, -2.0857922562993333e-06, 3.659173117677405e-08, 1.3769688159962154e-07, -1.8658027041061242e-08], [2.1427589894804763e-05, -5.6090295963664404e-05, 2.6557425140623647e-05, -2.497653080095294e-06, -6.820294887404874e-07, 1.0411979837384313e-07, 1.5379362062687544e-06, 7.247941827920611e-07, -1.9077870450494774e-07, 6.328898201666639e-08, -1.1877032884906961e-08, 9.794932589807794e-10], [0.039483639709503374, 0.0015044517602685625, -0.0003110192444141576, -1.5936875173763484e-05, -5.3412672377728325e-06, 1.5379362062687544e-06, 0.9752913159938303, -0.024708306191759375, 0.0036665281177802695, 0.00046161667120176743, -0.00024475291623798863, 2.2330017060222648e-05], [-0.0028845748900686156, 0.0004952539944737311, 0.00023371717933903783, -7.359601015226396e-05, 1.3852200347419097e-06, 7.247941827920611e-07, -0.024708306191759375, 0.04823824128287356, -0.016047422259923297, 0.000799347215094816, 0.00043305484137210777, -5.3227231214042775e-05], [0.0003758610125551312, -9.726138631484902e-05, -0.00011041281403597051, 3.6520353214836444e-05, -2.0857922562993333e-06, -1.9077870450494774e-07, 0.0036665281177802695, -0.016047422259923297, 0.007021589275774908, -0.0005818169545590335, -0.00017639036662655912, 2.5455745477552494e-05], [9.378081198551122e-06, -2.0394396297029685e-05, 2.44735608017614e-05, -5.772615158710277e-06, 3.659173117677405e-08, 6.328898201666639e-08, 0.00046161667120176743, 0.000799347215094816, -0.0005818169545590335, 8.651656983947899e-05, 1.1705205034764348e-05, -2.4590297163958383e-06], [-1.3266355852182803e-05, 6.3165899110913865e-06, -6.233503084540614e-07, -3.716156505946317e-07, 1.3769688159962154e-07, -1.1877032884906961e-08, -0.00024475291623798863, 0.00043305484137210777, -0.00017639036662655912, 1.1705205034764348e-05, 4.844905823246738e-06, -6.33299567224207e-07], [1.4991198694972079e-06, -4.731337429382243e-07, -1.555602552808968e-07, 1.0334605936442783e-07, -1.8658027041061242e-08, 9.794932589807794e-10, 2.2330017060222648e-05, -5.3227231214042775e-05, 2.5455745477552494e-05, -2.4590297163958383e-06, -6.33299567224207e-07, 9.79286855213219e-08]], [[0.9600059137336425, -0.031046508472278085, 0.006423463368716227, -0.00024556539248881456, -0.00011054182204317763, -1.02567919246503e-06, 1.8096314953373214e-06, 0.039329521144351016, -0.003388670592565336, 0.0008771512644339617, -0.00013047995487370443, 1.2503624850157348e-05, -7.825204516652072e-07, 1.1882136918713094e-07], [-0.031046508472278085, 0.05448651728216741, -0.019053598712486075, 0.0015457455232580333, 0.00026066460095751874, -1.8128912439399315e-05, -3.0241689785782606e-06, 0.001770959899904848, 0.00029420659245161027, -0.00010160375428009232, 4.6495558289077045e-05, -9.556838609218852e-06, -5.361217283354771e-10, 1.3019627246937112e-07], [0.006423463368716227, -0.019053598712486075, 0.009227518312172465, -0.001318922088478083, -8.29427654339191e-05, 2.7370894084572085e-05, -9.033636946197366e-07, -0.0004850177788023445, 0.00030921156052795087, -0.00010146035234804617, -7.134573945746747e-06, 5.798919633921384e-06, -1.2567154345914617e-07, -8.316094466611429e-08], [-0.00024556539248881456, 0.0015457455232580333, -0.001318922088478083, 0.00035128670069075214, -5.034350345080837e-06, -9.80630963998805e-06, 9.876041327018992e-07, 2.3038280498470536e-05, -9.484881365999535e-05, 4.115442429343391e-05, -3.338691187351796e-06, -1.1213103448456118e-06, 1.4161410199242195e-07, 6.081937187509154e-09], [-0.00011054182204317763, 0.00026066460095751874, -8.29427654339191e-05, -5.034350345080837e-06, 2.8781992579089095e-06, 4.027449663227939e-07, -9.633572917244372e-08, -9.479334407307443e-06, 3.988299789727179e-06, -2.6647409564381566e-06, 6.949958821862019e-07, 4.92535452000746e-09, -1.843989905115756e-08, 1.367941754626209e-09], [-1.02567919246503e-06, -1.8128912439399315e-05, 2.7370894084572085e-05, -9.80630963998805e-06, 4.027449663227939e-07, 3.0019147594392335e-07, -3.5446434392249104e-08, 4.800867480975701e-06, 9.562487315590402e-07, -6.253701160118752e-07, 4.0696785402146e-08, 1.9819933237603154e-08, -3.686896077937502e-09, 1.2436895004136553e-10], [1.8096314953373214e-06, -3.0241689785782606e-06, -9.033636946197366e-07, 9.876041327018992e-07, -9.633572917244372e-08, -3.5446434392249104e-08, 5.26129570929161e-09, -3.811910957619153e-07, -3.803461986023902e-08, 6.183607523320598e-08, -1.053209608851943e-08, -1.325847417439435e-09, 5.909694269760515e-10, -4.4954438302749474e-11], [0.039329521144351016, 0.001770959899904848, -0.0004850177788023445, 2.3038280498470536e-05, -9.479334407307443e-06, 4.800867480975701e-06, -3.811910957619153e-07, 0.9779906613513878, -0.027935764319257123, 0.005553937712801266, -8.917165222142423e-05, -0.00012316486173859318, -2.022709239737171e-07, 1.8568259800447197e-06], [-0.003388670592565336, 0.00029420659245161027, 0.00030921156052795087, -9.484881365999535e-05, 3.988299789727179e-06, 9.562487315590402e-07, -3.803461986023902e-08, -0.027935764319257123, 0.052900483741490374, -0.018908973415273773, 0.001616822948573751, 0.0002552728052262969, -2.1948083063420966e-05, -2.5576034010208216e-06], [0.0008771512644339617, -0.00010160375428009232, -0.00010146035234804617, 4.115442429343391e-05, -2.6647409564381566e-06, -6.253701160118752e-07, 6.183607523320598e-08, 0.005553937712801266, -0.018908973415273773, 0.009223609988808319, -0.0013121773526258947, -8.706658858294422e-05, 2.831395891170617e-05, -9.681816672641176e-07], [-0.00013047995487370443, 4.6495558289077045e-05, -7.134573945746747e-06, -3.338691187351796e-06, 6.949958821862019e-07, 4.0696785402146e-08, -1.053209608851943e-08, -8.917165222142423e-05, 0.001616822948573751, -0.0013121773526258947, 0.0003347662453871198, -2.47123638301449e-06, -9.564907735452685e-06, 9.333780872416767e-07], [1.2503624850157348e-05, -9.556838609218852e-06, 5.798919633921384e-06, -1.1213103448456118e-06, 4.92535452000746e-09, 1.9819933237603154e-08, -1.325847417439435e-09, -0.00012316486173859318, 0.0002552728052262969, -8.706658858294422e-05, -2.47123638301449e-06, 2.659528677166977e-06, 3.240568164518834e-07, -8.477586236835609e-08], [-7.825204516652072e-07, -5.361217283354771e-10, -1.2567154345914617e-07, 1.4161410199242195e-07, -1.843989905115756e-08, -3.686896077937502e-09, 5.909694269760515e-10, -2.022709239737171e-07, -2.1948083063420966e-05, 2.831395891170617e-05, -9.564907735452685e-06, 3.240568164518834e-07, 2.9833661090002766e-07, -3.421870404874661e-08], [1.1882136918713094e-07, 1.3019627246937112e-07, -8.316094466611429e-08, 6.081937187509154e-09, 1.367941754626209e-09, 1.2436895004136553e-10, -4.4954438302749474e-11, 1.8568259800447197e-06, -2.5576034010208216e-06, -9.681816672641176e-07, 9.333780872416767e-07, -8.477586236835609e-08, -3.421870404874661e-08, 4.96264615275667e-09]], [[0.96085519123322, -0.0303819185320882, 0.006264694527242121, -2.769498937192027e-05, -0.00018480235563831963, 1.3223186566444251e-06, 5.16988534326931e-06, -4.236977246583093e-07, 0.04104411954546731, -0.004461593284681582, 0.0011136403106951234, -0.0001195178839741507, 1.2884774752091148e-05, -1.505700846171689e-06, -5.607979428438791e-07, 1.0942425441694285e-07], [-0.0303819185320882, 0.05914053808025035, -0.02177904019374062, 0.0017638004620055257, 0.00039806197698948265, -2.3361200065266138e-05, -1.1517503029853623e-05, 1.0485975907265223e-06, 0.0012914594639230844, 0.0006098177242140851, -6.467439035119855e-05, -4.551204732048705e-05, 6.485952549984709e-06, 8.400566648176352e-07, 5.404234671514092e-08, -2.643384936149981e-08], [0.006264694527242121, -0.02177904019374062, 0.011227223688634373, -0.0015214546784165443, -0.00019245745195483477, 2.9126183320146276e-05, 7.62669858398322e-06, -1.0443581901865815e-06, -0.0002334267199652685, 0.00014642196731569772, -0.00012494339739276003, 4.047738688664876e-05, -1.3987187937308386e-06, -4.919736157003285e-07, -1.0913704563449969e-07, 2.034862645451648e-08], [-2.769498937192027e-05, 0.0017638004620055257, -0.0015214546784165443, 0.00033400808022871593, 2.203492243868865e-05, -7.927799212374844e-06, -1.4242603018954415e-06, 2.677807700837191e-07, -2.6995828936545465e-05, -6.833508003948809e-05, 4.400144738908451e-05, -9.74438765531001e-06, -2.9772398361494554e-07, 1.5549219821377217e-07, 3.601006578679535e-08, -5.848128896210931e-09], [-0.00018480235563831963, 0.00039806197698948265, -0.00019245745195483477, 2.203492243868865e-05, 3.6167955769688328e-06, -3.56403494718335e-07, -1.222323879636152e-07, 1.3190049556194684e-08, -3.0143237145892136e-05, 6.335652817282397e-06, -8.368591058223196e-07, -4.3176648037657597e-07, 7.675207160479861e-08, 4.828428060895245e-09, 2.7084891272184696e-10, -1.736356418272579e-10], [1.3223186566444251e-06, -2.3361200065266138e-05, 2.9126183320146276e-05, -7.927799212374844e-06, -3.56403494718335e-07, 2.0431368124739068e-07, 3.214019618800696e-08, -6.856310284884698e-09, 1.0610477758433162e-05, 7.996614686847569e-07, -1.3098737586196466e-06, 3.4861911668070445e-07, 1.4637743053196059e-08, -7.521381634532781e-09, -1.4016417405356692e-09, 2.5512371184865916e-10], [5.16988534326931e-06, -1.1517503029853623e-05, 7.62669858398322e-06, -1.4242603018954415e-06, -1.222323879636152e-07, 3.214019618800696e-08, 6.597605542491077e-09, -1.1124902025117091e-09, -6.212170289911621e-07, -3.308061003504535e-07, 1.769341778791052e-07, -1.7515422306620925e-08, -4.181148120127156e-09, 5.000606287625633e-10, 1.0918406405188901e-10, -1.6537832086243464e-11], [-4.236977246583093e-07, 1.0485975907265223e-06, -1.0443581901865815e-06, 2.677807700837191e-07, 1.3190049556194684e-08, -6.856310284884698e-09, -1.1124902025117091e-09, 2.3250969958914615e-10, -4.932135756658536e-08, 3.903811268017849e-08, -7.559771062231882e-09, -1.6088427153293819e-09, 2.2411563760629075e-10, 3.556990255330834e-11, 4.913564944451712e-12, -1.199826341727214e-12], [0.04104411954546731, 0.0012914594639230844, -0.0002334267199652685, -2.6995828936545465e-05, -3.0143237145892136e-05, 1.0610477758433162e-05, -6.212170289911621e-07, -4.932135756658536e-08, 0.9756928264545747, -0.027571867805656836, 0.005228126478730746, 5.8962712253197165e-05, -0.0001602226062487998, -3.008460448043145e-06, 4.507004452898563e-06, -3.1053090419306513e-07], [-0.004461593284681582, 0.0006098177242140851, 0.00014642196731569772, -6.833508003948809e-05, 6.335652817282397e-06, 7.996614686847569e-07, -3.308061003504535e-07, 3.903811268017849e-08, -0.027571867805656836, 0.05674619395777166, -0.021216229496271256, 0.001802670533334243, 0.0003784871782937311, -2.400044450951475e-05, -1.134004911325309e-05, 1.0616898672152382e-06], [0.0011136403106951234, -6.467439035119855e-05, -0.00012494339739276003, 4.400144738908451e-05, -8.368591058223196e-07, -1.3098737586196466e-06, 1.769341778791052e-07, -7.559771062231882e-09, 0.005228126478730746, -0.021216229496271256, 0.010994946789109363, -0.001510541180886582, -0.00018233646846168842, 2.8103223301079005e-05, 7.464239713818047e-06, -1.020751101942256e-06], [-0.0001195178839741507, -4.551204732048705e-05, 4.047738688664876e-05, -9.74438765531001e-06, -4.3176648037657597e-07, 3.4861911668070445e-07, -1.7515422306620925e-08, -1.6088427153293819e-09, 5.8962712253197165e-05, 0.001802670533334243, -0.001510541180886582, 0.00033012513948907786, 2.0795193220685657e-05, -7.646153252418572e-06, -1.3801462705350752e-06, 2.5849958904280204e-07], [1.2884774752091148e-05, 6.485952549984709e-06, -1.3987187937308386e-06, -2.9772398361494554e-07, 7.675207160479861e-08, 1.4637743053196059e-08, -4.181148120127156e-09, 2.2411563760629075e-10, -0.0001602226062487998, 0.0003784871782937311, -0.00018233646846168842, 2.0795193220685657e-05, 3.342322252085734e-06, -3.167389727866289e-07, -1.1520380389260753e-07, 1.2167412720164463e-08], [-1.505700846171689e-06, 8.400566648176352e-07, -4.919736157003285e-07, 1.5549219821377217e-07, 4.828428060895245e-09, -7.521381634532781e-09, 5.000606287625633e-10, 3.556990255330834e-11, -3.008460448043145e-06, -2.400044450951475e-05, 2.8103223301079005e-05, -7.646153252418572e-06, -3.167389727866289e-07, 1.9376499439706307e-07, 3.0054000770052124e-08, -6.455059314462983e-09], [-5.607979428438791e-07, 5.404234671514092e-08, -1.0913704563449969e-07, 3.601006578679535e-08, 2.7084891272184696e-10, -1.4016417405356692e-09, 1.0918406405188901e-10, 4.913564944451712e-12, 4.507004452898563e-06, -1.134004911325309e-05, 7.464239713818047e-06, -1.3801462705350752e-06, -1.1520380389260753e-07, 3.0054000770052124e-08, 6.245759063561658e-09, -1.038944105945251e-09], [1.0942425441694285e-07, -2.643384936149981e-08, 2.034862645451648e-08, -5.848128896210931e-09, -1.736356418272579e-10, 2.5512371184865916e-10, -1.6537832086243464e-11, -1.199826341727214e-12, -3.1053090419306513e-07, 1.0616898672152382e-06, -1.020751101942256e-06, 2.5849958904280204e-07, 1.2167412720164463e-08, -6.455059314462983e-09, -1.038944105945251e-09, 2.1657590937929822e-10]]], "B_list": [{"B_d": [[0.0014116996320105643], [2.948275625191947e-06], [2.2382801024169234e-06]], "B_theta": [3.4474169276393103e-06], "B_const": [0.02354961171947685]}, {"B_d": [[0.00028705330750742036], [1.3005594634023418e-06], [5.312010079482399e-07]], "B_theta": [1.7366850483356252e-06], "B_const": [0.0033780392529312833]}, {"B_d": [[6.419847551167769e-05], [4.950711061152319e-07], [3.462831020071651e-07]], "B_theta": [5.134637954769262e-07], "B_const": [0.0012912321635659915]}, {"B_d": [[4.302288150194343e-05], [2.2594434524829747e-07], [2.5675389062610965e-07]], "B_theta": [2.289891118513289e-07], "B_const": [0.000599391875240343]}, {"B_d": [[3.314536218633836e-05], [2.52812898166849e-07], [1.691416290190991e-07]], "B_theta": [1.1822228877890259e-07], "B_const": [0.0003159791772421678]}, {"B_d": [[3.598127013032005e-05], [2.3504295857830055e-07], [1.626648365801693e-07]], "B_theta": [1.1085589448159293e-07], "B_const": [0.00030863687082892974]}, {"B_d": [[1.7334801563141925e-05], [2.062902708611143e-07], [1.262796719603438e-07]], "B_theta": [6.189453938509838e-08], "B_const": [0.00018578835499081758]}, {"B_d": [[1.380054181488607e-05], [1.744698847094095e-07], [1.0851511126148326e-07]], "B_theta": [5.221244325819392e-08], "B_const": [0.00017702490304403806]}], "bic_scores": [-17.484174232068575, -90.04151327935386, -111.27078583637227, -113.01401990406694, -99.46916581102184, -56.20129947578121, -18.09159731570844, 35.99975694623339], "best_bic": -113.01401990406694, "best_bic_A": [[0.9725389316936328, -0.03520725384531847, 0.007007472576011424, -0.0005889795059053831, 0.037616928270755565, -0.0021089444752501094, 0.0002520677064472395, 3.218174866406545e-06], [-0.03520725384531847, 0.04593701699137563, -0.013157326791461508, 0.001187812617194718, 0.003241511480933051, 0.0002444645936882666, -3.7969016662002414e-05, 2.3500688526982006e-06], [0.007007472576011424, -0.013157326791461508, 0.004397015760863497, -0.000429948383212842, -0.0011574968154979208, 9.671911508521209e-05, -2.9695735021985052e-05, 3.0515344396844844e-06], [-0.0005889795059053831, 0.001187812617194718, -0.000429948383212842, 4.4324575603409294e-05, 0.00011298212319600244, -1.872213391126608e-05, 5.631022636426546e-06, -5.887780448311685e-07], [0.037616928270755565, 0.003241511480933051, -0.0011574968154979208, 0.00011298212319600244, 0.990937853441779, -0.03434678492880893, 0.006876020305654799, -0.0006061168223610326], [-0.0021089444752501094, 0.0002444645936882666, 9.671911508521209e-05, -1.872213391126608e-05, -0.03434678492880893, 0.04390213629803921, -0.012582675606362625, 0.0011401569189933868], [0.0002520677064472395, -3.7969016662002414e-05, -2.9695735021985052e-05, 5.631022636426546e-06, 0.006876020305654799, -0.012582675606362625, 0.00422561161528994, -0.0004155558463083429], [3.218174866406545e-06, 2.3500688526982006e-06, 3.0515344396844844e-06, -5.887780448311685e-07, -0.0006061168223610326, 0.0011401569189933868, -0.0004155558463083429, 4.309951973996023e-05]], "best_bic_B": {"B_d": [[4.302288150194343e-05], [2.2594434524829747e-07], [2.5675389062610965e-07]], "B_theta": [2.289891118513289e-07], "B_const": [0.000599391875240343]}, "best_bic_deg": 4, "best_bic_deg_idx": 3, "aic_scores": [-25.13226625378116, -104.38168582006496, -136.12708490693817, -152.21049151534393, -156.82985597386622, -135.55025420104926, -123.25286261425646, -98.79786493645088], "best_aic": -156.82985597386622, "best_aic_A": [[0.9657136024371027, -0.03363070672930242, 0.007341972147785722, -0.0007205332166269616, 5.551304240573453e-06, 0.03970296414359381, -0.002575278014783874, 0.0004602683081164504, -4.5005574442361985e-05, 5.237073623983423e-06], [-0.03363070672930242, 0.05308342062968907, -0.019861625304167456, 0.0030793416538367384, -0.00016720678559987363, 0.002623170822607518, -0.0007132049681595766, 0.0006069616520948962, -0.00014523075995459257, 1.160753816793456e-05], [0.007341972147785722, -0.019861625304167456, 0.010174441820415573, -0.0020447060942489818, 0.00014367927008864065, -0.0008657093878953187, 0.0009014924499277199, -0.0005333537412548071, 0.00012151815269141909, -9.455410521438668e-06], [-0.0007205332166269616, 0.0030793416538367384, -0.0020447060942489818, 0.0004954573374965136, -4.013785001807538e-05, 6.220524744597836e-05, -0.00024721357416062625, 0.00014124381653257397, -3.217649389539186e-05, 2.5259294031144107e-06], [5.551304240573453e-06, -0.00016720678559987363, 0.00014367927008864065, -4.013785001807538e-05, 3.56150195279566e-06, 4.8193891701557705e-06, 1.997499898085728e-05, -1.1762391831364743e-05, 2.764827391992475e-06, -2.2339803769641654e-07], [0.03970296414359381, 0.002623170822607518, -0.0008657093878953187, 6.220524744597836e-05, 4.8193891701557705e-06, 0.9835132228388972, -0.03230417734721358, 0.007393583528243714, -0.0007630206180660487, 9.468541180489903e-06], [-0.002575278014783874, -0.0007132049681595766, 0.0009014924499277199, -0.00024721357416062625, 1.997499898085728e-05, -0.03230417734721358, 0.052018309063219255, -0.02001586073458539, 0.003214218178073599, -0.00018350026357160612], [0.0004602683081164504, 0.0006069616520948962, -0.0005333537412548071, 0.00014124381653257397, -1.1762391831364743e-05, 0.007393583528243714, -0.02001586073458539, 0.010422896859655742, -0.0021169594795929407, 0.0001503945548133136], [-4.5005574442361985e-05, -0.00014523075995459257, 0.00012151815269141909, -3.217649389539186e-05, 2.764827391992475e-06, -0.0007630206180660487, 0.003214218178073599, -0.0021169594795929407, 0.0005093302617141809, -4.109437851054044e-05], [5.237073623983423e-06, 1.160753816793456e-05, -9.455410521438668e-06, 2.5259294031144107e-06, -2.2339803769641654e-07, 9.468541180489903e-06, -0.00018350026357160612, 0.0001503945548133136, -4.109437851054044e-05, 3.6037182109597524e-06]], "best_aic_B": {"B_d": [[3.314536218633836e-05], [2.52812898166849e-07], [1.691416290190991e-07]], "B_theta": [1.1822228877890259e-07], "B_const": [0.0003159791772421678]}, "best_aic_deg": 5, "best_aic_deg_idx": 4, "lr": [{"class_name": "PiecewiseConstantDecay", "config": {"boundaries": [3360], "values": [0.005, 0.005], "name": null}}, {"class_name": "PiecewiseConstantDecay", "config": {"boundaries": [3360], "values": [0.005, 0.005], "name": null}}, {"class_name": "PiecewiseConstantDecay", "config": {"boundaries": [3360], "values": [0.005, 0.005], "name": null}}, {"class_name": "PiecewiseConstantDecay", "config": {"boundaries": [3360], "values": [0.005, 0.005], "name": null}}, {"class_name": "PiecewiseConstantDecay", "config": {"boundaries": [3360], "values": [0.005, 0.005], "name": null}}, {"class_name": "PiecewiseConstantDecay", "config": {"boundaries": [3360], "values": [0.005, 0.005], "name": null}}, {"class_name": "PiecewiseConstantDecay", "config": {"boundaries": [3360], "values": [0.005, 0.005], "name": null}}, {"class_name": "PiecewiseConstantDecay", "config": {"boundaries": [3360], "values": [0.005, 0.005], "name": null}}], "optimizer": [{"class_name": "Adam", "config": {"name": "Adam", "learning_rate": 0.002, "decay": 0.0, "beta_1": 0.9, "beta_2": 0.999, "epsilon": 1e-07, "amsgrad": false}}, {"class_name": "Adam", "config": {"name": "Adam", "learning_rate": 0.002, "decay": 0.0, "beta_1": 0.9, "beta_2": 0.999, "epsilon": 1e-07, "amsgrad": false}}, {"class_name": "Adam", "config": {"name": "Adam", "learning_rate": 0.002, "decay": 0.0, "beta_1": 0.9, "beta_2": 0.999, "epsilon": 1e-07, "amsgrad": false}}, {"class_name": "Adam", "config": {"name": "Adam", "learning_rate": 0.002, "decay": 0.0, "beta_1": 0.9, "beta_2": 0.999, "epsilon": 1e-07, "amsgrad": false}}, {"class_name": "Adam", "config": {"name": "Adam", "learning_rate": 0.002, "decay": 0.0, "beta_1": 0.9, "beta_2": 0.999, "epsilon": 1e-07, "amsgrad": false}}, {"class_name": "Adam", "config": {"name": "Adam", "learning_rate": 0.002, "decay": 0.0, "beta_1": 0.9, "beta_2": 0.999, "epsilon": 1e-07, "amsgrad": false}}, {"class_name": "Adam", "config": {"name": "Adam", "learning_rate": 0.002, "decay": 0.0, "beta_1": 0.9, "beta_2": 0.999, "epsilon": 1e-07, "amsgrad": false}}, {"class_name": "Adam", "config": {"name": "Adam", "learning_rate": 0.002, "decay": 0.0, "beta_1": 0.9, "beta_2": 0.999, "epsilon": 1e-07, "amsgrad": false}}], "epochs": 150, "best_epochs": [147, 136, 141, 146, 148, 148, 149, 149], "batch_size": 128}