{"degree": [1, 2, 3, 4, 5, 6, 7, 8], "losses": [-57.01201063812901, -89.53583196233495, -110.653442583345, -124.8612425044013, -131.64493887264896, -131.9640039845979, -133.4989983565247, -135.47931206779958], "A_list": [[[0.9063502169175186, 0.04266938131318515], [0.04266938131318515, 0.9175900859355256]], [[0.9288662320741368, -0.012043971907091212, 0.04112733167236745, -0.001437779367746633], [-0.012043971907091212, 0.008250937932086932, 0.00046335670939831537, 0.0004559275319820745], [0.04112733167236745, 0.00046335670939831537, 0.9345971715090555, -0.015958654645881813], [-0.001437779367746633, 0.0004559275319820745, -0.015958654645881813, 0.00811510747006564]], [[0.909255045390426, -0.015265585381208101, 0.0006203569727134175, 0.039954633155727046, 0.00031630204744210344, -0.0005050329370233333], [-0.015265585381208101, 0.04718378453886136, -0.013164027782639908, 0.0049214099263313466, -0.0013956451623628045, 0.0006413986965215087], [0.0006203569727134175, -0.013164027782639908, 0.004535770869114413, -0.0002769215724628241, 0.00031655624594453374, -0.00015527732372796045], [0.039954633155727046, 0.0049214099263313466, -0.0002769215724628241, 0.9324369041162452, -0.019020872781511437, 0.0021047690133052573], [0.00031630204744210344, -0.0013956451623628045, 0.00031655624594453374, -0.019020872781511437, 0.04626610468070701, -0.01323450333471874], [-0.0005050329370233333, 0.0006413986965215087, -0.00015527732372796045, 0.0021047690133052573, -0.01323450333471874, 0.004606137059049086]], [[0.9119054586657952, -0.023148126918432276, 0.009184724989156649, -0.0021738470674429983, 0.04149127619015595, 0.006084783789224663, -0.0025227882758720116, 0.0008515431349314323], [-0.023148126918432276, 0.11474653765770518, -0.07804154681858169, 0.01642452249736191, 0.0010309778020741963, -0.005833708159265143, 0.0025325717818290507, -0.0004053787698522349], [0.009184724989156649, -0.07804154681858169, 0.06552972591047677, -0.015595758772962388, 0.0005583337003297546, 0.004312322375458347, -0.0018996034905633746, 0.0003454339188972475], [-0.0021738470674429983, 0.01642452249736191, -0.015595758772962388, 0.0040003949385649384, -0.0003495609738552059, -0.001065521090562899, 0.000519425871825528, -0.00010410237620355924], [0.04149127619015595, 0.0010309778020741963, 0.0005583337003297546, -0.0003495609738552059, 0.9421033704036472, -0.027821144123861805, 0.010499823156185648, -0.0019253968998680896], [0.006084783789224663, -0.005833708159265143, 0.004312322375458347, -0.001065521090562899, -0.027821144123861805, 0.11632652479354079, -0.0790646452143961, 0.016577659599846424], [-0.0025227882758720116, 0.0025325717818290507, -0.0018996034905633746, 0.000519425871825528, 0.010499823156185648, -0.0790646452143961, 0.06637321455464866, -0.01565655173023264], [0.0008515431349314323, -0.0004053787698522349, 0.0003454339188972475, -0.00010410237620355924, -0.0019253968998680896, 0.016577659599846424, -0.01565655173023264, 0.0039681441012505226]], [[0.9071115117385518, -0.006521946758680074, -0.003376461233913869, 0.004718675528638071, -0.001572328915087552, 0.038380235749686645, 0.002253342408056534, -0.00044517176223167487, -0.0013884596138548774, 0.0004551500271536453], [-0.006521946758680074, 0.12934533711079543, -0.12553382634703428, 0.05023012627228281, -0.007193585625310069, 0.00015331189825716553, -0.00589586623360536, 0.004316304438471808, -0.0014520304525590542, 0.0002005332963487157], [-0.003376461233913869, -0.12553382634703428, 0.17387189055893237, -0.08822173980044216, 0.015362836914102621, 0.0008598175012887671, 0.006628121466944076, -0.006763026700450366, 0.0031300912686009646, -0.0005025907835128972], [0.004718675528638071, 0.05023012627228281, -0.08822173980044216, 0.052157754077891756, -0.010158037851462725, -0.0009673903476409228, -0.002873074422544608, 0.004085644385677033, -0.002311329901081836, 0.0004190863629466123], [-0.001572328915087552, -0.007193585625310069, 0.015362836914102621, -0.010158037851462725, 0.002135355030205355, 0.0002575147085808217, 0.00044107797366873055, -0.0007922362944051077, 0.0004791517791718934, -8.751958191070575e-05], [0.038380235749686645, 0.00015331189825716553, 0.0008598175012887671, -0.0009673903476409228, 0.0002575147085808217, 0.9178485135775478, -0.007749649333400232, -0.012637646697514672, 0.010896709257115006, -0.002821435860914123], [0.002253342408056534, -0.00589586623360536, 0.006628121466944076, -0.002873074422544608, 0.00044107797366873055, -0.007749649333400232, 0.13185115597864946, -0.13095518582217086, 0.053015819504599944, -0.007651293700086435], [-0.00044517176223167487, 0.004316304438471808, -0.006763026700450366, 0.004085644385677033, -0.0007922362944051077, -0.012637646697514672, -0.13095518582217086, 0.184524912732912, -0.09442497160020885, 0.016543716248804005], [-0.0013884596138548774, -0.0014520304525590542, 0.0031300912686009646, -0.002311329901081836, 0.0004791517791718934, 0.010896709257115006, 0.053015819504599944, -0.09442497160020885, 0.05593985427158112, -0.010895047900382149], [0.0004551500271536453, 0.0002005332963487157, -0.0005025907835128972, 0.0004190863629466123, -8.751958191070575e-05, -0.002821435860914123, -0.007651293700086435, 0.016543716248804005, -0.010895047900382149, 0.002281225821995181]], [[0.9123705703370151, -0.0033567759664071494, -0.00827655591267434, 0.005978314490189535, -0.0010404880751664187, -0.00020720264616462306, 0.045343711194083265, 0.0071091002339269405, -0.004640406341501751, 0.0011998084966086187, -0.00014866648904209354, -9.900811234520945e-06], [-0.0033567759664071494, 0.1166210351676671, -0.09377476832044616, 0.01103776814973323, 0.014148258020440554, -0.00412721825054416, 0.0008070340051384485, -0.007572321227393604, 0.005021989815676206, -0.00012096685272953017, -0.0009065507666706838, 0.00022404768895576736], [-0.00827655591267434, -0.09377476832044616, 0.10738481804436296, -0.024047317996383925, -0.01414434199488041, 0.005135998659227032, 0.0008653521067166571, 0.006082134915548353, -0.00397049162291749, -0.0008699279852280911, 0.0014732203078183996, -0.0003408126015892219], [0.005978314490189535, 0.01103776814973323, -0.024047317996383925, 0.010341402638335813, 0.00187275452636372, -0.0012742062488673748, 0.00031238375587378854, -0.0011900734754353175, 0.0004867650666728897, 0.0007837950404448703, -0.0006077321697980728, 0.00011535245296806871], [-0.0010404880751664187, 0.014148258020440554, -0.01414434199488041, 0.00187275452636372, 0.0023992113795746318, -0.000695579457127389, -0.0004306380988304245, -0.000538481012258366, 0.0008490128676434967, -0.0002774056191138237, -0.00010669686531507964, 5.0664336997539996e-05], [-0.00020720264616462306, -0.00412721825054416, 0.005135998659227032, -0.0012742062488673748, -0.000695579457127389, 0.00026315486880795286, 0.00011385767835647118, 0.00016078280493726373, -0.00023862197797934196, 3.1241704854825075e-05, 6.519272848073743e-05, -2.1418719037566047e-05], [0.045343711194083265, 0.0008070340051384485, 0.0008653521067166571, 0.00031238375587378854, -0.0004306380988304245, 0.00011385767835647118, 0.933120083039702, -0.0012623011120462264, -0.0186659155991818, 0.010295706861681063, -0.000615901245487466, -0.0006583857707699717], [0.0071091002339269405, -0.007572321227393604, 0.006082134915548353, -0.0011900734754353175, -0.000538481012258366, 0.00016078280493726373, -0.0012623011120462264, 0.11081581768474862, -0.086044760904589, 0.006518976539750546, 0.015060776972350878, -0.004176622323674533], [-0.004640406341501751, 0.005021989815676206, -0.00397049162291749, 0.0004867650666728897, 0.0008490128676434967, -0.00023862197797934196, -0.0186659155991818, -0.086044760904589, 0.0994895146160999, -0.020357982317542236, -0.014650410339074915, 0.005126129639590449], [0.0011998084966086187, -0.00012096685272953017, -0.0008699279852280911, 0.0007837950404448703, -0.0002774056191138237, 3.1241704854825075e-05, 0.010295706861681063, 0.006518976539750546, -0.020357982317542236, 0.009608136721555034, 0.0015236770700599845, -0.0011471621363832276], [-0.00014866648904209354, -0.0009065507666706838, 0.0014732203078183996, -0.0006077321697980728, -0.00010669686531507964, 6.519272848073743e-05, -0.000615901245487466, 0.015060776972350878, -0.014650410339074915, 0.0015236770700599845, 0.002726068049253189, -0.0007742073885481643], [-9.900811234520945e-06, 0.00022404768895576736, -0.0003408126015892219, 0.00011535245296806871, 5.0664336997539996e-05, -2.1418719037566047e-05, -0.0006583857707699717, -0.004176622323674533, 0.005126129639590449, -0.0011471621363832276, -0.0007742073885481643, 0.0002794956872259842]], [[0.9012883571201113, -0.0016871027537603553, -0.0072255735581406464, 0.003396260782688719, -0.0001304206007319145, -0.00020043783126782913, -2.3997385937199358e-05, 0.03960634255542178, 0.003651888331901242, -0.001878989338392315, -0.00043323314697755897, -0.00040380844612520966, 0.0005895776647395739, -0.00016422793053412618], [-0.0016871027537603553, 0.10762747404763558, -0.08538802873465644, 0.012153299447922436, 0.00839167811626462, -0.001040924288654717, -0.0005340464322901069, 0.0007661851731027431, -0.006061858191212918, 0.002195311241343715, 0.0011690756271237697, -0.0003707045403289404, -0.0003569503563947223, 0.00013190487436999794], [-0.0072255735581406464, -0.08538802873465644, 0.10654335074064383, -0.035143002453428135, -0.006735953040135041, 0.0042775693186418075, -0.00021322076360107928, 0.0011084385216110085, 0.004786545014633699, -0.0011542846925622276, -0.0017961271020309729, 0.00022141096016131331, 0.000693364286313891, -0.00022693198824538685], [0.003396260782688719, 0.012153299447922436, -0.035143002453428135, 0.023914527086555417, -0.0008212621988070866, -0.003652500432244123, 0.000830984508800314, -0.00012351320741773713, -0.00013148195575731847, -0.0009143680413068894, 0.0011878071030835156, -0.00018194610253335948, -0.000234887249445926, 7.900163756852473e-05], [-0.0001304206007319145, 0.00839167811626462, -0.006735953040135041, -0.0008212621988070866, 0.0012940799048790494, 0.0003354864505785326, -0.00020971242794483194, -0.0005852499006306475, -0.0009586698951230052, 0.0010109338118991227, -0.00029970746208121153, 9.235645709360594e-06, -4.459950253968373e-05, 2.0412045833716505e-05], [-0.00020043783126782913, -0.001040924288654717, 0.0042775693186418075, -0.003652500432244123, 0.0003354864505785326, 0.0006199255118877785, -0.00016883766488862609, 0.00021626275556254167, 0.0002808015717721628, -0.0002715175304203203, -4.773025149377707e-05, 8.726077733681907e-05, 4.764467819363379e-07, -8.704713720634297e-06], [-2.3997385937199358e-05, -0.0005340464322901069, -0.00021322076360107928, 0.000830984508800314, -0.00020971242794483194, -0.00016883766488862609, 6.065993014072567e-05, -2.4328046860963943e-05, -1.609132512903311e-05, 7.354226861831884e-06, 3.388330742845292e-05, -2.990403190150529e-05, 7.776075181630688e-06, -1.5692355849511696e-07], [0.03960634255542178, 0.0007661851731027431, 0.0011084385216110085, -0.00012351320741773713, -0.0005852499006306475, 0.00021626275556254167, -2.4328046860963943e-05, 0.9269702989661732, -0.00013866555177774277, -0.018329796927508475, 0.006977283823947192, 0.0008490968181739446, -0.0006887312927738676, -1.9078570481681618e-05], [0.003651888331901242, -0.006061858191212918, 0.004786545014633699, -0.00013148195575731847, -0.0009586698951230052, 0.0002808015717721628, -1.609132512903311e-05, -0.00013866555177774277, 0.10546621813294986, -0.08351782190962431, 0.012880286851491526, 0.007036800460958385, -0.0005384831692800511, -0.0006088067982105021], [-0.001878989338392315, 0.002195311241343715, -0.0011542846925622276, -0.0009143680413068894, 0.0010109338118991227, -0.0002715175304203203, 7.354226861831884e-06, -0.018329796927508475, -0.08351782190962431, 0.10753999706729721, -0.037318343883423866, -0.006050360799646886, 0.004527242916948194, -0.00030285562179368033], [-0.00043323314697755897, 0.0011690756271237697, -0.0017961271020309729, 0.0011878071030835156, -0.00029970746208121153, -4.773025149377707e-05, 3.388330742845292e-05, 0.006977283823947192, 0.012880286851491526, -0.037318343883423866, 0.025039159158734944, -0.000537917516175819, -0.004106203804921452, 0.0009369062759166551], [-0.00040380844612520966, -0.0003707045403289404, 0.00022141096016131331, -0.00018194610253335948, 9.235645709360594e-06, 8.726077733681907e-05, -2.990403190150529e-05, 0.0008490968181739446, 0.007036800460958385, -0.006050360799646886, -0.000537917516175819, 0.0011064502230124817, 0.0003362221354696538, -0.000203637400023673], [0.0005895776647395739, -0.0003569503563947223, 0.000693364286313891, -0.000234887249445926, -4.459950253968373e-05, 4.764467819363379e-07, 7.776075181630688e-06, -0.0006887312927738676, -0.0005384831692800511, 0.004527242916948194, -0.004106203804921452, 0.0003362221354696538, 0.0007513190634062797, -0.00020252701858519207], [-0.00016422793053412618, 0.00013190487436999794, -0.00022693198824538685, 7.900163756852473e-05, 2.0412045833716505e-05, -8.704713720634297e-06, -1.5692355849511696e-07, -1.9078570481681618e-05, -0.0006088067982105021, -0.00030285562179368033, 0.0009369062759166551, -0.000203637400023673, -0.00020252701858519207, 6.91371600832703e-05]], [[0.9122511984550673, -0.004359407720131089, -0.0036146275468603344, 0.0019268297424940729, -0.0011410277936530747, 0.0012936217045194632, -0.0006291200430005338, 7.847305740542506e-05, 0.040164012650218975, 1.392159494533445e-05, 0.00563017135006591, -0.007287504493306318, 0.0030278528052867194, -0.000323405990660287, 3.4474498096196228e-06, -1.6949954355139955e-05], [-0.004359407720131089, 0.1249819455918221, -0.11531090724667284, 0.027013638007446494, 0.011284790000638931, -0.002507317014507736, -0.0023251100982038084, 0.0006567796074320727, 0.0036943538379237213, -0.0094994737608737, 0.004647105223456437, 0.0016763169691934926, -0.0017735890539957745, 2.3070720473223742e-05, 0.00022190040837456206, -4.762983801564933e-05], [-0.0036146275468603344, -0.11531090724667284, 0.16006707452887425, -0.05796317463951896, -0.015011530526880276, 0.0066409563222168564, 0.003979590421556983, -0.0014244789625461349, -0.0008208941831104156, 0.006095294781214964, -0.002376809861731881, -0.0025361813509411787, 0.0010366484268691247, 0.0008201037109115709, -0.00042628552765981226, 4.970297767485905e-05], [0.0019268297424940729, 0.027013638007446494, -0.05796317463951896, 0.030203597783385383, 0.004825626517544483, -0.0040290256148516074, -0.0018627422996639947, 0.0008233324776967583, 0.0002627386405357043, -0.0019464162637290422, 0.0018590461847629708, 0.00041615767368967084, -0.0002439440553460466, -0.0004336863810468292, 0.0002284945811100765, -3.119430063929985e-05], [-0.0011410277936530747, 0.011284790000638931, -0.015011530526880276, 0.004825626517544483, 0.0017462398803207277, -0.0005755401339963366, -0.00035986304807684224, 0.00011065413108815897, -0.00023501005860759422, 0.00010387782091173588, -0.0009287662181355829, 0.0005283920851865504, 1.3473942887460742e-05, -0.00011258673517995494, 3.925219772585957e-05, -4.802550208974037e-06], [0.0012936217045194632, -0.002507317014507736, 0.0066409563222168564, -0.0040290256148516074, -0.0005755401339963366, 0.0005992383836449033, 0.0002447266660430782, -0.00011705695775579516, 0.00014903671377946773, 0.0001702791903174076, 0.00015482809881849134, -0.0001729776172138285, -1.3898373133188216e-05, 6.909921604749414e-05, -2.743483508622205e-05, 3.95962917045069e-06], [-0.0006291200430005338, -0.0023251100982038084, 0.003979590421556983, -0.0018627422996639947, -0.00035986304807684224, 0.0002447266660430782, 0.0001228668807620694, -5.11011940567869e-05, -9.339865761035975e-05, -0.0001596528368817991, 0.00013348308284558106, -7.377698155451474e-05, 6.591833397786407e-06, 2.7426785772192933e-05, -1.3707381769719673e-05, 2.0022352029753556e-06], [7.847305740542506e-05, 0.0006567796074320727, -0.0014244789625461349, 0.0008233324776967583, 0.00011065413108815897, -0.00011705695775579516, -5.11011940567869e-05, 2.4192400214415842e-05, 1.7261218230220732e-05, 3.8142221668498656e-05, -4.079018369040147e-05, 2.505181964025345e-05, -1.1031099427524475e-06, -1.0870404134146188e-05, 5.50256192483228e-06, -8.875768110959313e-07], [0.040164012650218975, 0.0036943538379237213, -0.0008208941831104156, 0.0002627386405357043, -0.00023501005860759422, 0.00014903671377946773, -9.339865761035975e-05, 1.7261218230220732e-05, 0.9203768089109673, -0.003970688168606866, -0.008478964148252326, -0.0004637251588146303, 0.00522854935805572, -0.0027525785686277624, 0.000592639115751919, -8.18914867491176e-05], [1.392159494533445e-05, -0.0094994737608737, 0.006095294781214964, -0.0019464162637290422, 0.00010387782091173588, 0.0001702791903174076, -0.0001596528368817991, 3.8142221668498656e-05, -0.003970688168606866, 0.12126070568815953, -0.10968535871201396, 0.025226247294426307, 0.010465925995644833, -0.002180473213005818, -0.0021462470280224745, 0.0005882235310654115], [0.00563017135006591, 0.004647105223456437, -0.002376809861731881, 0.0018590461847629708, -0.0009287662181355829, 0.00015482809881849134, 0.00013348308284558106, -4.079018369040147e-05, -0.008478964148252326, -0.10968535871201396, 0.154694826701878, -0.05837913162774077, -0.01331293757209565, 0.006352752079925832, 0.0037669263078943358, -0.0013721029945956747], [-0.007287504493306318, 0.0016763169691934926, -0.0025361813509411787, 0.00041615767368967084, 0.0005283920851865504, -0.0001729776172138285, -7.377698155451474e-05, 2.505181964025345e-05, -0.0004637251588146303, 0.025226247294426307, -0.05837913162774077, 0.03252120485037297, 0.003766260045844345, -0.004095094979432931, -0.0017677537870514654, 0.0008210412569739787], [0.0030278528052867194, -0.0017735890539957745, 0.0010366484268691247, -0.0002439440553460466, 1.3473942887460742e-05, -1.3898373133188216e-05, 6.591833397786407e-06, -1.1031099427524475e-06, 0.00522854935805572, 0.010465925995644833, -0.01331293757209565, 0.003766260045844345, 0.001616429004689521, -0.000365158803718127, -0.00034613496263058164, 9.162959745215397e-05], [-0.000323405990660287, 2.3070720473223742e-05, 0.0008201037109115709, -0.0004336863810468292, -0.00011258673517995494, 6.909921604749414e-05, 2.7426785772192933e-05, -1.0870404134146188e-05, -0.0027525785686277624, -0.002180473213005818, 0.006352752079925832, -0.004095094979432931, -0.000365158803718127, 0.0005856995293291487, 0.0002047857328371593, -0.00010893995462199165], [3.4474498096196228e-06, 0.00022190040837456206, -0.00042628552765981226, 0.0002284945811100765, 3.925219772585957e-05, -2.743483508622205e-05, -1.3707381769719673e-05, 5.50256192483228e-06, 0.000592639115751919, -0.0021462470280224745, 0.0037669263078943358, -0.0017677537870514654, -0.00034613496263058164, 0.0002047857328371593, 0.00012733689627657862, -4.8091810156805585e-05], [-1.6949954355139955e-05, -4.762983801564933e-05, 4.970297767485905e-05, -3.119430063929985e-05, -4.802550208974037e-06, 3.95962917045069e-06, 2.0022352029753556e-06, -8.875768110959313e-07, -8.18914867491176e-05, 0.0005882235310654115, -0.0013721029945956747, 0.0008210412569739787, 9.162959745215397e-05, -0.00010893995462199165, -4.8091810156805585e-05, 2.25835402969943e-05]]], "B_list": [{"B_d": [[0.00015669580904126035], [1.4774008288525688e-06], [7.077934533640562e-07]], "B_theta": [1.0064101737475074e-06], "B_const": [0.0018102652369992895]}, {"B_d": [[2.1332605890615547e-05], [1.0022337237588206e-06], [2.2268885511506066e-07]], "B_theta": [1.7015601213987208e-07], "B_const": [0.00023026699894880553]}, {"B_d": [[6.503780637273338e-06], [1.0822554252032945e-07], [7.737840838269178e-08]], "B_theta": [4.2393525233521636e-08], "B_const": [5.5085569968607046e-05]}, {"B_d": [[2.680333215043916e-06], [4.215176084644297e-08], [3.1921593151755335e-08]], "B_theta": [1.6295609439491753e-08], "B_const": [1.9246391902261174e-05]}, {"B_d": [[1.4014467624524402e-06], [2.2564136444947916e-08], [1.997278148279034e-08]], "B_theta": [9.940680225130771e-09], "B_const": [1.0440330777794004e-05]}, {"B_d": [[1.24060355466365e-06], [9.813335002556312e-09], [1.9696289034660895e-08]], "B_theta": [9.659490116685622e-09], "B_const": [1.0412849075285414e-05]}, {"B_d": [[6.47870659148128e-07], [3.9869498052025734e-08], [1.7771830976953366e-08]], "B_theta": [8.417695688357463e-09], "B_const": [8.278045693452654e-06]}, {"B_d": [[9.429456711550285e-07], [2.6379568126074184e-08], [1.383998496756957e-08]], "B_theta": [6.79850811562956e-09], "B_const": [7.0492752883150435e-06]}], "bic_scores": [-45.02908154391305, -67.06783991068002, -71.70892302714311, -63.44873089654449, -41.77297066602924, -7.641114632107275, 31.2662766889448, 75.71981321775678], "best_bic": -71.70892302714311, "best_bic_A": [[0.909255045390426, -0.015265585381208101, 0.0006203569727134175, 0.039954633155727046, 0.00031630204744210344, -0.0005050329370233333], [-0.015265585381208101, 0.04718378453886136, -0.013164027782639908, 0.0049214099263313466, -0.0013956451623628045, 0.0006413986965215087], [0.0006203569727134175, -0.013164027782639908, 0.004535770869114413, -0.0002769215724628241, 0.00031655624594453374, -0.00015527732372796045], [0.039954633155727046, 0.0049214099263313466, -0.0002769215724628241, 0.9324369041162452, -0.019020872781511437, 0.0021047690133052573], [0.00031630204744210344, -0.0013956451623628045, 0.00031655624594453374, -0.019020872781511437, 0.04626610468070701, -0.01323450333471874], [-0.0005050329370233333, 0.0006413986965215087, -0.00015527732372796045, 0.0021047690133052573, -0.01323450333471874, 0.004606137059049086]], "best_bic_B": {"B_d": [[6.503780637273338e-06], [1.0822554252032945e-07], [7.737840838269178e-08]], "B_theta": [4.2393525233521636e-08], "B_const": [5.5085569968607046e-05]}, "best_bic_deg": 3, "best_bic_deg_idx": 2, "aic_scores": [-49.01201063812901, -74.53583196233495, -84.653442583345, -83.8612425044013, -71.64493887264896, -48.964003984597895, -23.49899835652471, 5.520687932200417], "best_aic": -84.653442583345, "best_aic_A": [[0.909255045390426, -0.015265585381208101, 0.0006203569727134175, 0.039954633155727046, 0.00031630204744210344, -0.0005050329370233333], [-0.015265585381208101, 0.04718378453886136, -0.013164027782639908, 0.0049214099263313466, -0.0013956451623628045, 0.0006413986965215087], [0.0006203569727134175, -0.013164027782639908, 0.004535770869114413, -0.0002769215724628241, 0.00031655624594453374, -0.00015527732372796045], [0.039954633155727046, 0.0049214099263313466, -0.0002769215724628241, 0.9324369041162452, -0.019020872781511437, 0.0021047690133052573], [0.00031630204744210344, -0.0013956451623628045, 0.00031655624594453374, -0.019020872781511437, 0.04626610468070701, -0.01323450333471874], [-0.0005050329370233333, 0.0006413986965215087, -0.00015527732372796045, 0.0021047690133052573, -0.01323450333471874, 0.004606137059049086]], "best_aic_B": {"B_d": [[6.503780637273338e-06], [1.0822554252032945e-07], [7.737840838269178e-08]], "B_theta": [4.2393525233521636e-08], "B_const": [5.5085569968607046e-05]}, "best_aic_deg": 3, "best_aic_deg_idx": 2, "lr": [{"class_name": "PiecewiseConstantDecay", "config": {"boundaries": [3330], "values": [0.005, 0.005], "name": null}}, {"class_name": "PiecewiseConstantDecay", "config": {"boundaries": [3330], "values": [0.005, 0.005], "name": null}}, {"class_name": "PiecewiseConstantDecay", "config": {"boundaries": [3330], "values": [0.005, 0.005], "name": null}}, {"class_name": "PiecewiseConstantDecay", "config": {"boundaries": [3330], "values": [0.005, 0.005], "name": null}}, {"class_name": "PiecewiseConstantDecay", "config": {"boundaries": [3330], "values": [0.005, 0.005], "name": null}}, {"class_name": "PiecewiseConstantDecay", "config": {"boundaries": [3330], "values": [0.005, 0.005], "name": null}}, {"class_name": "PiecewiseConstantDecay", "config": {"boundaries": [3330], "values": [0.005, 0.005], "name": null}}, {"class_name": "PiecewiseConstantDecay", "config": {"boundaries": [3330], "values": [0.005, 0.005], "name": null}}], "optimizer": [{"class_name": "Adam", "config": {"name": "Adam", "learning_rate": 0.002, "decay": 0.0, "beta_1": 0.9, "beta_2": 0.999, "epsilon": 1e-07, "amsgrad": false}}, {"class_name": "Adam", "config": {"name": "Adam", "learning_rate": 0.002, "decay": 0.0, "beta_1": 0.9, "beta_2": 0.999, "epsilon": 1e-07, "amsgrad": false}}, {"class_name": "Adam", "config": {"name": "Adam", "learning_rate": 0.002, "decay": 0.0, "beta_1": 0.9, "beta_2": 0.999, "epsilon": 1e-07, "amsgrad": false}}, {"class_name": "Adam", "config": {"name": "Adam", "learning_rate": 0.002, "decay": 0.0, "beta_1": 0.9, "beta_2": 0.999, "epsilon": 1e-07, "amsgrad": false}}, {"class_name": "Adam", "config": {"name": "Adam", "learning_rate": 0.002, "decay": 0.0, "beta_1": 0.9, "beta_2": 0.999, "epsilon": 1e-07, "amsgrad": false}}, {"class_name": "Adam", "config": {"name": "Adam", "learning_rate": 0.002, "decay": 0.0, "beta_1": 0.9, "beta_2": 0.999, "epsilon": 1e-07, "amsgrad": false}}, {"class_name": "Adam", "config": {"name": "Adam", "learning_rate": 0.002, "decay": 0.0, "beta_1": 0.9, "beta_2": 0.999, "epsilon": 1e-07, "amsgrad": false}}, {"class_name": "Adam", "config": {"name": "Adam", "learning_rate": 0.002, "decay": 0.0, "beta_1": 0.9, "beta_2": 0.999, "epsilon": 1e-07, "amsgrad": false}}], "epochs": 150, "best_epochs": [131, 129, 125, 146, 148, 147, 148, 148], "batch_size": 128}