{"degree": [1, 2, 3, 4, 5, 6, 7, 8], "losses": [48.13243097305905, -98.50462900857762, -173.82724370417432, -222.9613765426124, -257.15227989651333, -258.4042712072014, -279.0608985322327, -284.7412694272846], "A_list": [[[0.9157661009028741, 0.040910629395276656], [0.040910629395276656, 0.9300083690827874]], [[0.9783986900620366, -0.010137122899520692, 0.043364028031765825, -0.00046989949146554943], [-0.010137122899520692, 0.0016170858207191306, -6.566252319896986e-05, 3.643211831998586e-05], [0.043364028031765825, -6.566252319896986e-05, 0.9898039424850474, -0.009473597723223256], [-0.00046989949146554943, 3.643211831998586e-05, -0.009473597723223256, 0.0014826389166759833]], [[0.9771625911313375, -0.017682618790305665, 0.0005966918816417058, 0.0386469873439658, 0.0003644694752742955, -6.266197097365752e-05], [-0.017682618790305665, 0.008556245364860654, -0.0005944101957920688, 0.0013770858934214426, -0.00020053855629767418, 1.5586409220648364e-05], [0.0005966918816417058, -0.0005944101957920688, 5.0425678861037235e-05, -0.0001112053346796274, 1.1737016782674074e-05, -3.826249336243192e-07], [0.0386469873439658, 0.0013770858934214426, -0.0001112053346796274, 0.9838670941470821, -0.016487525482196945, 0.0005476413312247898], [0.0003644694752742955, -0.00020053855629767418, 1.1737016782674074e-05, -0.016487525482196945, 0.008147263092718536, -0.0005787667495665129], [-6.266197097365752e-05, 1.5586409220648364e-05, -3.826249336243192e-07, 0.0005476413312247898, -0.0005787667495665129, 5.003945706104352e-05]], [[0.9681484427312794, -0.02476730055357787, 0.002570650546869058, -0.00012339601828037307, 0.038671871825379074, -0.00021957369044068212, 9.100415780911426e-05, -9.863045145276588e-06], [-0.02476730055357787, 0.02239647443397319, -0.003941827226993346, 0.00021802261060285737, 0.001882547067202491, -0.00021417529073124178, 1.085809219604722e-05, 1.183301694609409e-07], [0.002570650546869058, -0.003941827226993346, 0.0008517978195448603, -5.226376014820305e-05, -0.0002402676324392332, 3.1152132781490124e-05, -1.889333275038435e-06, 1.1066715398592579e-07], [-0.00012339601828037307, 0.00021802261060285737, -5.226376014820305e-05, 3.407071727788253e-06, 7.443440438738768e-06, -1.1723385441875937e-06, 1.1602470810769049e-07, -1.1401481841188155e-08], [0.038671871825379074, 0.001882547067202491, -0.0002402676324392332, 7.443440438738768e-06, 0.9848324736610408, -0.025717903253793504, 0.00289630822184843, -0.00014628391954226306], [-0.00021957369044068212, -0.00021417529073124178, 3.1152132781490124e-05, -1.1723385441875937e-06, -0.025717903253793504, 0.0218790877530038, -0.0038099682101971773, 0.0002094227827981465], [9.100415780911426e-05, 1.085809219604722e-05, -1.889333275038435e-06, 1.1602470810769049e-07, 0.00289630822184843, -0.0038099682101971773, 0.0008056994455899385, -4.900647888428626e-05], [-9.863045145276588e-06, 1.183301694609409e-07, 1.1066715398592579e-07, -1.1401481841188155e-08, -0.00014628391954226306, 0.0002094227827981465, -4.900647888428626e-05, 3.1760624584631554e-06]], [[0.9602818288593269, -0.024736664878222434, 0.0035077832653311347, -0.00029502585395689844, 8.082276554526333e-06, 0.03765799966860545, -0.001395179466557023, 0.0004427002218615202, -5.923181346781249e-05, 2.53583093879347e-06], [-0.024736664878222434, 0.02691023336146772, -0.006377269269979684, 0.0006323280901670206, -2.2290621344242566e-05, 0.0029134830084141927, 3.978530448211253e-05, -7.036518994832485e-05, 1.0389009437846375e-05, -4.965708762329607e-07], [0.0035077832653311347, -0.006377269269979684, 0.0021105531230245157, -0.0002689017639815059, 1.194095621072885e-05, -0.0006028098068860933, -3.2729240676233e-05, 1.1775671806926346e-05, -7.820234614501892e-07, 1.4830426376271803e-08], [-0.00029502585395689844, 0.0006323280901670206, -0.0002689017639815059, 4.0966671751419166e-05, -2.0824013042912657e-06, 7.061137000758548e-05, 5.037794607577759e-06, -3.0809541114877746e-07, -1.5669595902211955e-07, 1.4616441875312927e-08], [8.082276554526333e-06, -2.2290621344242566e-05, 1.194095621072885e-05, -2.0824013042912657e-06, 1.1562125954756318e-07, -3.818057659243216e-06, -2.8791455272740086e-07, -2.143370261192247e-08, 1.6687239978021083e-08, -1.3734239302427719e-09], [0.03765799966860545, 0.0029134830084141927, -0.0006028098068860933, 7.061137000758548e-05, -3.818057659243216e-06, 0.9754912759521649, -0.02509713349958269, 0.003482665227299925, -0.00026175853390677107, 5.2340437350471485e-06], [-0.001395179466557023, 3.978530448211253e-05, -3.2729240676233e-05, 5.037794607577759e-06, -2.8791455272740086e-07, -0.02509713349958269, 0.026067137758811414, -0.006126913741487495, 0.0006045099981102276, -2.129898997209221e-05], [0.0004427002218615202, -7.036518994832485e-05, 1.1775671806926346e-05, -3.0809541114877746e-07, -2.143370261192247e-08, 0.003482665227299925, -0.006126913741487495, 0.0020245142275401133, -0.0002587290841462823, 1.1560375481377935e-05], [-5.923181346781249e-05, 1.0389009437846375e-05, -7.820234614501892e-07, -1.5669595902211955e-07, 1.6687239978021083e-08, -0.00026175853390677107, 0.0006045099981102276, -0.0002587290841462823, 3.947878560490037e-05, -2.0116664779014175e-06], [2.53583093879347e-06, -4.965708762329607e-07, 1.4830426376271803e-08, 1.4616441875312927e-08, -1.3734239302427719e-09, 5.2340437350471485e-06, -2.129898997209221e-05, 1.1560375481377935e-05, -2.0116664779014175e-06, 1.1156605951668001e-07]], [[0.9548232112884157, -0.020574854954555372, 0.0022066668046155516, 2.6160922128052156e-05, -3.976690393128059e-05, 2.7053626759171298e-06, 0.036982411589750484, -0.0012634124653229585, 0.0004169426434216366, -2.3340741643935155e-05, -3.453596857340089e-06, 3.711396395442244e-07], [-0.020574854954555372, 0.02405568701012365, -0.005050373669198337, 0.00016176428363489197, 5.383821854713251e-05, -4.217004212065751e-06, 0.003456396144079137, 0.00019040795270954412, -9.232167967440753e-05, 2.074945377166122e-05, -2.903749441951749e-06, 1.7590692372513964e-07], [0.0022066668046155516, -0.005050373669198337, 0.0014509141910589785, -8.253717545846086e-05, -1.330378712527006e-05, 1.2536942749555395e-06, -0.0007148149486046518, -3.956721757549262e-05, 1.2003972847743776e-05, -3.5064255672110655e-06, 6.535506804525186e-07, -4.465619426770351e-08], [2.6160922128052156e-05, 0.00016176428363489197, -8.253717545846086e-05, 8.841535245586196e-06, 4.5966773370217133e-07, -7.612626990263791e-08, 5.394133303158805e-05, 2.2674513870756766e-07, 1.077876662890991e-06, -1.4645287741790618e-07, -1.2996983568439247e-08, 2.3049592731428563e-09], [-3.976690393128059e-05, 5.383821854713251e-05, -1.330378712527006e-05, 4.5966773370217133e-07, 1.5039583076245325e-07, -1.163560307118043e-08, 1.693777902725916e-06, 4.854185614430561e-07, -2.875247413697514e-07, 7.776790228522745e-08, -8.85686675922912e-09, 3.756953837212853e-10], [2.7053626759171298e-06, -4.217004212065751e-06, 1.2536942749555395e-06, -7.612626990263791e-08, -1.163560307118043e-08, 1.1262686591469862e-09, -3.761336906961045e-07, -2.9205001277233175e-08, 1.4232961136516712e-08, -4.630193446382364e-09, 6.311192219694289e-10, -3.3124325684241774e-11], [0.036982411589750484, 0.003456396144079137, -0.0007148149486046518, 5.394133303158805e-05, 1.693777902725916e-06, -3.761336906961045e-07, 0.9695010386661834, -0.020370185653266558, 0.00200834863691451, 7.917302887985877e-05, -4.415572860962547e-05, 2.7692587218229077e-06], [-0.0012634124653229585, 0.00019040795270954412, -3.956721757549262e-05, 2.2674513870756766e-07, 4.854185614430561e-07, -2.9205001277233175e-08, -0.020370185653266558, 0.023401591824001165, -0.00476871293567382, 0.00014276114531778305, 5.054482629593479e-05, -3.888351371169607e-06], [0.0004169426434216366, -9.232167967440753e-05, 1.2003972847743776e-05, 1.077876662890991e-06, -2.875247413697514e-07, 1.4232961136516712e-08, 0.00200834863691451, -0.00476871293567382, 0.0013422362600423296, -7.339124399819597e-05, -1.2704370971581698e-05, 1.177790582151149e-06], [-2.3340741643935155e-05, 2.074945377166122e-05, -3.5064255672110655e-06, -1.4645287741790618e-07, 7.776790228522745e-08, -4.630193446382364e-09, 7.917302887985877e-05, 0.00014276114531778305, -7.339124399819597e-05, 7.712631472965215e-06, 4.5604862060061326e-07, -7.118803698798492e-08], [-3.453596857340089e-06, -2.903749441951749e-06, 6.535506804525186e-07, -1.2996983568439247e-08, -8.85686675922912e-09, 6.311192219694289e-10, -4.415572860962547e-05, 5.054482629593479e-05, -1.2704370971581698e-05, 4.5604862060061326e-07, 1.4420458756367337e-07, -1.1313706964195203e-08], [3.711396395442244e-07, 1.7590692372513964e-07, -4.465619426770351e-08, 2.3049592731428563e-09, 3.756953837212853e-10, -3.3124325684241774e-11, 2.7692587218229077e-06, -3.888351371169607e-06, 1.177790582151149e-06, -7.118803698798492e-08, -1.1313706964195203e-08, 1.0915835808880145e-09]], [[0.960044121778236, -0.0233569798779096, 0.0031003576769552876, -0.00015116249157620716, -1.7868110450610235e-05, 1.3932725262649084e-06, 2.086476604007622e-08, 0.03814039603886385, -0.0019459560241921515, 0.00044478346741951333, -1.9455245604322246e-05, -3.513264483800045e-06, -1.8908772113216872e-07, 3.5204897569056745e-08], [-0.0233569798779096, 0.026497767657070286, -0.005953565324930762, 0.000355132489377526, 2.8066857713462265e-05, -2.3592107266429204e-06, -5.302017883718229e-08, 0.0036356174856693596, 0.00015393819662332312, -5.745519654475886e-05, 5.3780604549069505e-06, -3.381364540222188e-07, 4.400086817878767e-08, -8.968473936258979e-10], [0.0031003576769552876, -0.005953565324930762, 0.0019102138921840586, -0.00018700579710651427, -5.662792350749809e-06, 1.6709720911067796e-06, -5.5292588953960856e-08, -0.0007119068147292254, -4.387092328862136e-07, -6.0711998121057615e-06, 6.117630058279504e-07, 1.879930308174127e-07, -2.9925837906563856e-08, 6.218908373698378e-10], [-0.00015116249157620716, 0.000355132489377526, -0.00018700579710651427, 3.10585061840501e-05, -2.7183661503724434e-07, -3.4322103649936046e-07, 2.1731208290677383e-08, 4.720652333856527e-05, -1.296540617633359e-05, 5.201367584045152e-06, -5.52128385855091e-07, -2.364638072423674e-08, 7.020461743519604e-09, -2.5718387180303144e-10], [-1.7868110450610235e-05, 2.8066857713462265e-05, -5.662792350749809e-06, -2.7183661503724434e-07, 8.150651305089613e-08, 7.516325790883228e-09, -1.080103113243596e-09, 2.6055097806406794e-06, 8.577153372634006e-07, -3.4520595074822764e-07, 5.559176756447792e-08, -1.4543731031827368e-09, -4.59054067219379e-10, 3.481157643864567e-11], [1.3932725262649084e-06, -2.3592107266429204e-06, 1.6709720911067796e-06, -3.4322103649936046e-07, 7.516325790883228e-09, 4.059793468214652e-09, -2.9219997824385983e-10, -3.085977553930188e-07, 2.3072581771749289e-07, -6.397782665274587e-08, 3.418119155985462e-09, 4.082992592535986e-10, -2.8597858524801555e-11, -1.0949694424479678e-12], [2.086476604007622e-08, -5.302017883718229e-08, -5.5292588953960856e-08, 2.1731208290677383e-08, -1.080103113243596e-09, -2.9219997824385983e-10, 2.565905544235197e-11, -3.455129876232926e-09, -2.2159922405342733e-08, 6.1674313033135996e-09, -4.7573595808074e-10, -1.841584684172383e-11, 3.1245542218936974e-12, -4.5650542850809657e-14], [0.03814039603886385, 0.0036356174856693596, -0.0007119068147292254, 4.720652333856527e-05, 2.6055097806406794e-06, -3.085977553930188e-07, -3.455129876232926e-09, 0.9736193409858941, -0.022967086579951588, 0.0028444459610216036, -7.473025729807481e-05, -2.15983542985659e-05, 6.042145747341156e-07, 9.059281951030305e-08], [-0.0019459560241921515, 0.00015393819662332312, -4.387092328862136e-07, -1.296540617633359e-05, 8.577153372634006e-07, 2.3072581771749289e-07, -2.2159922405342733e-08, -0.022967086579951588, 0.02623550725575954, -0.005817922289740334, 0.0003335701613142718, 2.9052394605466554e-05, -2.2967098400005464e-06, -5.7255862349751705e-08], [0.00044478346741951333, -5.745519654475886e-05, -6.0711998121057615e-06, 5.201367584045152e-06, -3.4520595074822764e-07, -6.397782665274587e-08, 6.1674313033135996e-09, 0.0028444459610216036, -0.005817922289740334, 0.0018502411221490021, -0.000179489549398548, -5.762769706104033e-06, 1.6275942367884908e-06, -5.2968808721873765e-08], [-1.9455245604322246e-05, 5.3780604549069505e-06, 6.117630058279504e-07, -5.52128385855091e-07, 5.559176756447792e-08, 3.418119155985462e-09, -4.7573595808074e-10, -7.473025729807481e-05, 0.0003335701613142718, -0.000179489549398548, 3.0176631498680212e-05, -2.798292042065951e-07, -3.358737067455941e-07, 2.141288602037708e-08], [-3.513264483800045e-06, -3.381364540222188e-07, 1.879930308174127e-07, -2.364638072423674e-08, -1.4543731031827368e-09, 4.082992592535986e-10, -1.841584684172383e-11, -2.15983542985659e-05, 2.9052394605466554e-05, -5.762769706104033e-06, -2.798292042065951e-07, 8.393314484260476e-08, 7.474500091746531e-09, -1.089322349663983e-09], [-1.8908772113216872e-07, 4.400086817878767e-08, -2.9925837906563856e-08, 7.020461743519604e-09, -4.59054067219379e-10, -2.8597858524801555e-11, 3.1245542218936974e-12, 6.042145747341156e-07, -2.2967098400005464e-06, 1.6275942367884908e-06, -3.358737067455941e-07, 7.474500091746531e-09, 3.987976927611319e-09, -2.882904363726593e-10], [3.5204897569056745e-08, -8.968473936258979e-10, 6.218908373698378e-10, -2.5718387180303144e-10, 3.481157643864567e-11, -1.0949694424479678e-12, -4.5650542850809657e-14, 9.059281951030305e-08, -5.7255862349751705e-08, -5.2968808721873765e-08, 2.141288602037708e-08, -1.089322349663983e-09, -2.882904363726593e-10, 2.5486854448567348e-11]], [[0.9589279963544148, -0.024371612917845686, 0.0034594384301847294, -0.00015264301481727086, -3.1189359291228465e-05, 1.5236665053518612e-06, 3.674154121283342e-07, -2.651762644022311e-08, 0.03608086459649489, -0.0011878540497084536, 0.0002234954716753807, 1.5712793774212956e-05, -5.414309954520236e-06, -1.541118829141054e-07, 2.978707992408231e-08, 3.06333455559956e-10], [-0.024371612917845686, 0.028667559998429095, -0.006646775927810413, 0.0003722023041561554, 4.3101116865114665e-05, -1.9396152761435183e-06, -5.193252663673833e-07, 3.202077412008383e-08, 0.003810271496106508, 0.00031960893293986694, -0.00011122013028241067, 8.659672614891445e-06, -3.7986509504116725e-07, 2.138967078370665e-08, 1.0496437367959945e-08, -9.08622507768806e-10], [0.0034594384301847294, -0.006646775927810413, 0.0021633173214563924, -0.00018750258157560919, -1.3558371679541555e-05, 1.341109736552788e-06, 2.1865125665238445e-07, -1.885446090539019e-08, -0.0007917593176680423, -4.1166066892210316e-05, 5.350780787863045e-06, 7.657076934856954e-07, 1.4090154033827266e-07, -2.150940595515646e-08, -4.336388044426427e-09, 4.1907192012249025e-10], [-0.00015264301481727086, 0.0003722023041561554, -0.00018750258157560919, 2.5185027903468568e-05, 1.0063841136601833e-06, -2.2438838954653818e-07, -2.5872246137986618e-08, 2.98583526394769e-09, 4.885243945235771e-05, -5.498067585076736e-06, 3.531418791368811e-06, -5.729948867720894e-07, -2.4581383568779805e-08, 6.315632392903312e-09, 6.978755281781672e-10, -8.211049095636172e-11], [-3.1189359291228465e-05, 4.3101116865114665e-05, -1.3558371679541555e-05, 1.0063841136601833e-06, 9.362024656869887e-08, -5.946313527344123e-09, -1.2656623228883579e-09, 8.524569696455369e-11, 4.550514860431042e-06, 4.300089359539208e-07, -1.4559746761381558e-07, 2.6804842001075848e-08, -7.804731403019287e-10, -2.2079684101812144e-10, 1.5801250754479452e-12, 1.717373142115764e-12], [1.5236665053518612e-06, -1.9396152761435183e-06, 1.341109736552788e-06, -2.2438838954653818e-07, -5.946313527344123e-09, 2.1847660182414717e-09, 2.1902632931115917e-10, -2.8842196631820597e-11, -5.187148696618388e-07, 1.414960575434286e-07, -5.86305498912033e-08, 6.8439822742655865e-09, 3.6683374238929717e-10, -6.838065876264989e-11, -7.513919335696873e-12, 8.338847998617688e-13], [3.674154121283342e-07, -5.193252663673833e-07, 2.1865125665238445e-07, -2.5872246137986618e-08, -1.2656623228883579e-09, 2.1902632931115917e-10, 2.7896631688047156e-11, -2.952217440879414e-12, -1.1142652870076656e-08, -4.763818187466617e-09, 1.6102687487103767e-09, -3.29021124446283e-10, 1.1172533956190579e-11, 2.1030190933948892e-12, 5.1383957146536244e-14, -2.6670941624340025e-14], [-2.651762644022311e-08, 3.202077412008383e-08, -1.885446090539019e-08, 2.98583526394769e-09, 8.524569696455369e-11, -2.8842196631820597e-11, -2.952217440879414e-12, 3.8338446125042835e-13, 1.3373294381877862e-09, -8.285765595150604e-10, 3.101149412221992e-10, -2.3887231763977928e-11, -2.7164091842949086e-12, 2.9141790589763554e-13, 3.4488829824088703e-14, -2.8899520960737406e-15], [0.03608086459649489, 0.003810271496106508, -0.0007917593176680423, 4.885243945235771e-05, 4.550514860431042e-06, -5.187148696618388e-07, -1.1142652870076656e-08, 1.3373294381877862e-09, 0.9699804861999128, -0.02285850112840015, 0.0028034281725713302, -4.5304820179641344e-05, -2.8647650865390953e-05, 8.629645058068913e-08, 3.6509012270482015e-07, -1.9537692676886382e-08], [-0.0011878540497084536, 0.00031960893293986694, -4.1166066892210316e-05, -5.498067585076736e-06, 4.300089359539208e-07, 1.414960575434286e-07, -4.763818187466617e-09, -8.285765595150604e-10, -0.02285850112840015, 0.02733757393658408, -0.006198412800068185, 0.00032743279487343504, 4.244722716503612e-05, -1.7794642939346975e-06, -5.050784655870157e-07, 3.123069224621168e-08], [0.0002234954716753807, -0.00011122013028241067, 5.350780787863045e-06, 3.531418791368811e-06, -1.4559746761381558e-07, -5.86305498912033e-08, 1.6102687487103767e-09, 3.101149412221992e-10, 0.0028034281725713302, -0.006198412800068185, 0.002007181118566415, -0.0001722490245222844, -1.318633254811957e-05, 1.281075886641979e-06, 2.1011509103289753e-07, -1.8244414854947147e-08], [1.5712793774212956e-05, 8.659672614891445e-06, 7.657076934856954e-07, -5.729948867720894e-07, 2.6804842001075848e-08, 6.8439822742655865e-09, -3.29021124446283e-10, -2.3887231763977928e-11, -4.5304820179641344e-05, 0.00032743279487343504, -0.0001722490245222844, 2.353609404159058e-05, 9.618576953679213e-07, -2.1625650517429403e-07, -2.4482410132927533e-08, 2.8705393946772777e-09], [-5.414309954520236e-06, -3.7986509504116725e-07, 1.4090154033827266e-07, -2.4581383568779805e-08, -7.804731403019287e-10, 3.6683374238929717e-10, 1.1172533956190579e-11, -2.7164091842949086e-12, -2.8647650865390953e-05, 4.244722716503612e-05, -1.318633254811957e-05, 9.618576953679213e-07, 9.599313963818864e-08, -5.967617825947248e-09, -1.2988033733172292e-09, 8.841963747110575e-11], [-1.541118829141054e-07, 2.138967078370665e-08, -2.150940595515646e-08, 6.315632392903312e-09, -2.2079684101812144e-10, -6.838065876264989e-11, 2.1030190933948892e-12, 2.9141790589763554e-13, 8.629645058068913e-08, -1.7794642939346975e-06, 1.281075886641979e-06, -2.1625650517429403e-07, -5.967617825947248e-09, 2.1619590482714303e-09, 2.1259138751330948e-10, -2.8357413544374184e-11], [2.978707992408231e-08, 1.0496437367959945e-08, -4.336388044426427e-09, 6.978755281781672e-10, 1.5801250754479452e-12, -7.513919335696873e-12, 5.1383957146536244e-14, 3.4488829824088703e-14, 3.6509012270482015e-07, -5.050784655870157e-07, 2.1011509103289753e-07, -2.4482410132927533e-08, -1.2988033733172292e-09, 2.1259138751330948e-10, 2.743418490495566e-11, -2.881014672599552e-12], [3.06333455559956e-10, -9.08622507768806e-10, 4.1907192012249025e-10, -8.211049095636172e-11, 1.717373142115764e-12, 8.338847998617688e-13, -2.6670941624340025e-14, -2.8899520960737406e-15, -1.9537692676886382e-08, 3.123069224621168e-08, -1.8244414854947147e-08, 2.8705393946772777e-09, 8.841963747110575e-11, -2.8357413544374184e-11, -2.881014672599552e-12, 3.748779274815789e-13]]], "B_list": [{"B_d": [[0.0013178696641851656], [3.430985116881432e-05], [6.782105971475907e-06]], "B_theta": [1.2345126142091457e-05], "B_const": [0.09209611689048013]}, {"B_d": [[0.0003537444956549944], [5.063331988038267e-07], [8.352886380560197e-07]], "B_theta": [4.560759457040985e-06], "B_const": [0.012864762646084308]}, {"B_d": [[0.00019922946262134768], [6.526721204634258e-07], [2.0433409400702395e-07]], "B_theta": [1.3278490297273073e-06], "B_const": [0.004566881465713182]}, {"B_d": [[0.00013420941011365082], [1.278280688776287e-06], [1.413986698877689e-07]], "B_theta": [6.933979257162183e-07], "B_const": [0.0022500431486580795]}, {"B_d": [[0.00010034738981668404], [6.820586741389222e-07], [1.219772066180354e-07]], "B_theta": [2.474236375378388e-07], "B_const": [0.0013643825964290983]}, {"B_d": [[2.1551072243007415e-05], [5.786572705755539e-07], [2.018555264473229e-07]], "B_theta": [2.0690390502351645e-07], "B_const": [0.001394718002677578]}, {"B_d": [[7.038427443783167e-05], [2.6037823861058944e-07], [8.544874952994275e-08]], "B_theta": [8.238762173796728e-08], "B_const": [0.0009280990928219791]}, {"B_d": [[7.280949222305402e-05], [7.310738031062152e-07], [7.193862722917943e-08]], "B_theta": [8.667245930167618e-08], "B_const": [0.0008894965178555532]}], "bic_scores": [65.66053751175457, -65.63942924852351, -116.86089745341387, -133.12983053179784, -125.69148085629689, -76.55016586823535, -38.04943362516926, 24.191608317224052], "best_bic": -133.12983053179784, "best_bic_A": [[0.9681484427312794, -0.02476730055357787, 0.002570650546869058, -0.00012339601828037307, 0.038671871825379074, -0.00021957369044068212, 9.100415780911426e-05, -9.863045145276588e-06], [-0.02476730055357787, 0.02239647443397319, -0.003941827226993346, 0.00021802261060285737, 0.001882547067202491, -0.00021417529073124178, 1.085809219604722e-05, 1.183301694609409e-07], [0.002570650546869058, -0.003941827226993346, 0.0008517978195448603, -5.226376014820305e-05, -0.0002402676324392332, 3.1152132781490124e-05, -1.889333275038435e-06, 1.1066715398592579e-07], [-0.00012339601828037307, 0.00021802261060285737, -5.226376014820305e-05, 3.407071727788253e-06, 7.443440438738768e-06, -1.1723385441875937e-06, 1.1602470810769049e-07, -1.1401481841188155e-08], [0.038671871825379074, 0.001882547067202491, -0.0002402676324392332, 7.443440438738768e-06, 0.9848324736610408, -0.025717903253793504, 0.00289630822184843, -0.00014628391954226306], [-0.00021957369044068212, -0.00021417529073124178, 3.1152132781490124e-05, -1.1723385441875937e-06, -0.025717903253793504, 0.0218790877530038, -0.0038099682101971773, 0.0002094227827981465], [9.100415780911426e-05, 1.085809219604722e-05, -1.889333275038435e-06, 1.1602470810769049e-07, 0.00289630822184843, -0.0038099682101971773, 0.0008056994455899385, -4.900647888428626e-05], [-9.863045145276588e-06, 1.183301694609409e-07, 1.1066715398592579e-07, -1.1401481841188155e-08, -0.00014628391954226306, 0.0002094227827981465, -4.900647888428626e-05, 3.1760624584631554e-06]], "best_bic_B": {"B_d": [[0.00013420941011365082], [1.278280688776287e-06], [1.413986698877689e-07]], "B_theta": [6.933979257162183e-07], "B_const": [0.0022500431486580795]}, "best_bic_deg": 4, "best_bic_deg_idx": 3, "aic_scores": [56.13243097305905, -83.50462900857762, -147.82724370417432, -181.9613765426124, -197.15227989651333, -175.40427120720142, -169.06089853223273, -143.74126942728458], "best_aic": -197.15227989651333, "best_aic_A": [[0.9602818288593269, -0.024736664878222434, 0.0035077832653311347, -0.00029502585395689844, 8.082276554526333e-06, 0.03765799966860545, -0.001395179466557023, 0.0004427002218615202, -5.923181346781249e-05, 2.53583093879347e-06], [-0.024736664878222434, 0.02691023336146772, -0.006377269269979684, 0.0006323280901670206, -2.2290621344242566e-05, 0.0029134830084141927, 3.978530448211253e-05, -7.036518994832485e-05, 1.0389009437846375e-05, -4.965708762329607e-07], [0.0035077832653311347, -0.006377269269979684, 0.0021105531230245157, -0.0002689017639815059, 1.194095621072885e-05, -0.0006028098068860933, -3.2729240676233e-05, 1.1775671806926346e-05, -7.820234614501892e-07, 1.4830426376271803e-08], [-0.00029502585395689844, 0.0006323280901670206, -0.0002689017639815059, 4.0966671751419166e-05, -2.0824013042912657e-06, 7.061137000758548e-05, 5.037794607577759e-06, -3.0809541114877746e-07, -1.5669595902211955e-07, 1.4616441875312927e-08], [8.082276554526333e-06, -2.2290621344242566e-05, 1.194095621072885e-05, -2.0824013042912657e-06, 1.1562125954756318e-07, -3.818057659243216e-06, -2.8791455272740086e-07, -2.143370261192247e-08, 1.6687239978021083e-08, -1.3734239302427719e-09], [0.03765799966860545, 0.0029134830084141927, -0.0006028098068860933, 7.061137000758548e-05, -3.818057659243216e-06, 0.9754912759521649, -0.02509713349958269, 0.003482665227299925, -0.00026175853390677107, 5.2340437350471485e-06], [-0.001395179466557023, 3.978530448211253e-05, -3.2729240676233e-05, 5.037794607577759e-06, -2.8791455272740086e-07, -0.02509713349958269, 0.026067137758811414, -0.006126913741487495, 0.0006045099981102276, -2.129898997209221e-05], [0.0004427002218615202, -7.036518994832485e-05, 1.1775671806926346e-05, -3.0809541114877746e-07, -2.143370261192247e-08, 0.003482665227299925, -0.006126913741487495, 0.0020245142275401133, -0.0002587290841462823, 1.1560375481377935e-05], [-5.923181346781249e-05, 1.0389009437846375e-05, -7.820234614501892e-07, -1.5669595902211955e-07, 1.6687239978021083e-08, -0.00026175853390677107, 0.0006045099981102276, -0.0002587290841462823, 3.947878560490037e-05, -2.0116664779014175e-06], [2.53583093879347e-06, -4.965708762329607e-07, 1.4830426376271803e-08, 1.4616441875312927e-08, -1.3734239302427719e-09, 5.2340437350471485e-06, -2.129898997209221e-05, 1.1560375481377935e-05, -2.0116664779014175e-06, 1.1156605951668001e-07]], "best_aic_B": {"B_d": [[0.00010034738981668404], [6.820586741389222e-07], [1.219772066180354e-07]], "B_theta": [2.474236375378388e-07], "B_const": [0.0013643825964290983]}, "best_aic_deg": 5, "best_aic_deg_idx": 4, "lr": [{"class_name": "PiecewiseConstantDecay", "config": {"boundaries": [3360], "values": [0.005, 0.005], "name": null}}, {"class_name": "PiecewiseConstantDecay", "config": {"boundaries": [3360], "values": [0.005, 0.005], "name": null}}, {"class_name": "PiecewiseConstantDecay", "config": {"boundaries": [3360], "values": [0.005, 0.005], "name": null}}, {"class_name": "PiecewiseConstantDecay", "config": {"boundaries": [3360], "values": [0.005, 0.005], "name": null}}, {"class_name": "PiecewiseConstantDecay", "config": {"boundaries": [3360], "values": [0.005, 0.005], "name": null}}, {"class_name": "PiecewiseConstantDecay", "config": {"boundaries": [3360], "values": [0.005, 0.005], "name": null}}, {"class_name": "PiecewiseConstantDecay", "config": {"boundaries": [3360], "values": [0.005, 0.005], "name": null}}, {"class_name": "PiecewiseConstantDecay", "config": {"boundaries": [3360], "values": [0.005, 0.005], "name": null}}], "optimizer": [{"class_name": "Adam", "config": {"name": "Adam", "learning_rate": 0.002, "decay": 0.0, "beta_1": 0.9, "beta_2": 0.999, "epsilon": 1e-07, "amsgrad": false}}, {"class_name": "Adam", "config": {"name": "Adam", "learning_rate": 0.002, "decay": 0.0, "beta_1": 0.9, "beta_2": 0.999, "epsilon": 1e-07, "amsgrad": false}}, {"class_name": "Adam", "config": {"name": "Adam", "learning_rate": 0.002, "decay": 0.0, "beta_1": 0.9, "beta_2": 0.999, "epsilon": 1e-07, "amsgrad": false}}, {"class_name": "Adam", "config": {"name": "Adam", "learning_rate": 0.002, "decay": 0.0, "beta_1": 0.9, "beta_2": 0.999, "epsilon": 1e-07, "amsgrad": false}}, {"class_name": "Adam", "config": {"name": "Adam", "learning_rate": 0.002, "decay": 0.0, "beta_1": 0.9, "beta_2": 0.999, "epsilon": 1e-07, "amsgrad": false}}, {"class_name": "Adam", "config": {"name": "Adam", "learning_rate": 0.002, "decay": 0.0, "beta_1": 0.9, "beta_2": 0.999, "epsilon": 1e-07, "amsgrad": false}}, {"class_name": "Adam", "config": {"name": "Adam", "learning_rate": 0.002, "decay": 0.0, "beta_1": 0.9, "beta_2": 0.999, "epsilon": 1e-07, "amsgrad": false}}, {"class_name": "Adam", "config": {"name": "Adam", "learning_rate": 0.002, "decay": 0.0, "beta_1": 0.9, "beta_2": 0.999, "epsilon": 1e-07, "amsgrad": false}}], "epochs": 200, "best_epochs": [171, 189, 190, 182, 199, 198, 198, 193], "batch_size": 128}