{"degree": [1, 2, 3, 4, 5, 6, 7, 8], "losses": [17.54616212944014, -109.7520409581651, -173.88355439748116, -214.83230487280375, -245.21173444788684, -246.61947916442438, -265.054993041857, -270.8295378827891], "A_list": [[[0.9171121111051657, 0.04037851347775869], [0.04037851347775869, 0.9307515738632348]], [[0.9719658526030787, -0.01010642003425207, 0.0418668568292562, 3.457228511824904e-05], [-0.01010642003425207, 0.001855608823601802, -0.00013584803734700945, 3.821414058206081e-06], [0.0418668568292562, -0.00013584803734700945, 0.9890948120545311, -0.009734579608912355], [3.457228511824904e-05, 3.821414058206081e-06, -0.009734579608912355, 0.0017633656759838312]], [[0.9736506419245738, -0.018991483123844848, 0.0007900265864206163, 0.039837942666441944, -0.00012544755594566786, 4.3613199836408384e-05], [-0.018991483123844848, 0.009770119227354514, -0.0007843785698768672, 0.0014028784475408906, -7.977084834443833e-05, 2.478604217015312e-06], [0.0007900265864206163, -0.0007843785698768672, 7.727060472989848e-05, -0.00016421301956922728, 1.1814289830460367e-06, 3.197146594560295e-07], [0.039837942666441944, 0.0014028784475408906, -0.00016421301956922728, 0.9803703042267766, -0.016365472426418483, 0.0005754389733139469], [-0.00012544755594566786, -7.977084834443833e-05, 1.1814289830460367e-06, -0.016365472426418483, 0.009515836888263293, -0.0007664926178495064], [4.3613199836408384e-05, 2.478604217015312e-06, 3.197146594560295e-07, 0.0005754389733139469, -0.0007664926178495064, 7.491854673377929e-05]], [[0.9753377647020243, -0.0304899253880885, 0.004081392468723407, -0.00023418730747241562, 0.04108231632786851, -0.001955690714058045, 0.00047506784689273527, -2.837873728887241e-05], [-0.0304899253880885, 0.02768398549888973, -0.005582146724470771, 0.0003537801101946622, 0.0018093673518553937, 0.00022805095453373917, -3.884350528294908e-05, 2.1378187610758563e-06], [0.004081392468723407, -0.005582146724470771, 0.0013541483966054144, -9.432906154638572e-05, -0.00024728558671684387, -3.258126166215162e-05, 1.6340180668011888e-06, 1.4323288630697295e-07], [-0.00023418730747241562, 0.0003537801101946622, -9.432906154638572e-05, 6.963081655082887e-06, 8.830858215722799e-06, 2.2602882334941956e-06, -7.694798544817341e-08, -1.7097163187854414e-08], [0.04108231632786851, 0.0018093673518553937, -0.00024728558671684387, 8.830858215722799e-06, 0.9846057687554596, -0.027245214164667145, 0.0036963670302619005, -0.00022704493719099227], [-0.001955690714058045, 0.00022805095453373917, -3.258126166215162e-05, 2.2602882334941956e-06, -0.027245214164667145, 0.026412257567026757, -0.005319252219257821, 0.00033784166187683217], [0.00047506784689273527, -3.884350528294908e-05, 1.6340180668011888e-06, -7.694798544817341e-08, 0.0036963670302619005, -0.005319252219257821, 0.0012978477121429232, -9.083905637006652e-05], [-2.837873728887241e-05, 2.1378187610758563e-06, 1.4323288630697295e-07, -1.7097163187854414e-08, -0.00022704493719099227, 0.00033784166187683217, -9.083905637006652e-05, 6.733417396099131e-06]], [[0.9681958320343814, -0.03028949549165956, 0.00503016363027315, -0.000443503366814139, 1.1487538905906196e-05, 0.040510038673377304, -0.0011780937264574008, 0.00011606268944714236, 2.6257753517144317e-05, -3.3918075989279573e-06], [-0.03028949549165956, 0.03357939884464228, -0.009272511045566966, 0.0010760517642388044, -4.487161535375829e-05, 0.0013635085826458116, 0.00025452648693185777, -3.305186709194852e-05, -4.6520191201887614e-07, 1.236847788737624e-07], [0.00503016363027315, -0.009272511045566966, 0.00352179526509591, -0.0005184597520340171, 2.6665328793877076e-05, -0.0001254269987498007, -2.0943002859565526e-05, -9.13415485338966e-06, 2.4025095299718877e-06, -1.5305213044088648e-07], [-0.000443503366814139, 0.0010760517642388044, -0.0005184597520340171, 9.030988705388692e-05, -5.256577270086312e-06, -1.6175833581930776e-05, -3.2389829936024592e-06, 3.677037584221567e-06, -6.922441885493848e-07, 4.4799801116149205e-08], [1.1487538905906196e-05, -4.487161535375829e-05, 2.6665328793877076e-05, -5.256577270086312e-06, 3.3146145453448267e-07, 1.57992676054254e-06, 5.065439223658997e-07, -3.049192493645769e-07, 5.380853991191129e-08, -3.5856417072306953e-09], [0.040510038673377304, 0.0013635085826458116, -0.0001254269987498007, -1.6175833581930776e-05, 1.57992676054254e-06, 0.9784078149923188, -0.027307265161627042, 0.004757666220517075, -0.0004513532878307984, 1.2045410344718888e-05], [-0.0011780937264574008, 0.00025452648693185777, -2.0943002859565526e-05, -3.2389829936024592e-06, 5.065439223658997e-07, -0.027307265161627042, 0.032475303331969664, -0.00907404750224914, 0.0010725774603716608, -4.5367112904506864e-05], [0.00011606268944714236, -3.305186709194852e-05, -9.13415485338966e-06, 3.677037584221567e-06, -3.049192493645769e-07, 0.004757666220517075, -0.00907404750224914, 0.0034659162965698393, -0.0005118604768401201, 2.6299605501137965e-05], [2.6257753517144317e-05, -4.6520191201887614e-07, 2.4025095299718877e-06, -6.922441885493848e-07, 5.380853991191129e-08, -0.0004513532878307984, 0.0010725774603716608, -0.0005118604768401201, 8.833715051278215e-05, -5.098755756728648e-06], [-3.3918075989279573e-06, 1.236847788737624e-07, -1.5305213044088648e-07, 4.4799801116149205e-08, -3.5856417072306953e-09, 1.2045410344718888e-05, -4.5367112904506864e-05, 2.6299605501137965e-05, -5.098755756728648e-06, 3.1817789026318407e-07]], [[0.962422397147903, -0.026231856389955194, 0.003444011106798239, 5.591916562295445e-05, -7.947431927784725e-05, 5.956747369432627e-06, 0.03947677115169244, -0.0007419730337221159, 4.639120863926849e-07, 4.150740237689761e-05, -3.272270117813073e-06, 3.6402586600974176e-08], [-0.026231856389955194, 0.03127647875458919, -0.007603854311880857, 0.00029752065617352384, 0.00010341125210190061, -9.416319901946327e-06, 0.001267732568053085, 7.288493292471619e-05, 2.4416404718313185e-05, 7.776811229751497e-06, -3.829249497953518e-06, 3.250579586846115e-07], [0.003444011106798239, -0.007603854311880857, 0.0024687748713065017, -0.00015972451965292028, -2.9874611149089414e-05, 3.2301148355235662e-06, -4.56666560246942e-05, 1.6998815403371497e-05, -1.9493188549247018e-05, -3.397262090010602e-06, 1.6709535994493123e-06, -1.3829036181310757e-07], [5.591916562295445e-05, 0.00029752065617352384, -0.00015972451965292028, 1.8440759779905684e-05, 1.3245904917281344e-06, -2.2797606123576322e-07, -1.391554920991058e-05, -1.576730702772218e-07, 1.4288068634132943e-06, 1.7818551488422115e-07, -1.1495005131141176e-07, 1.033277058159015e-08], [-7.947431927784725e-05, 0.00010341125210190061, -2.9874611149089414e-05, 1.3245904917281344e-06, 4.3107576316753057e-07, -3.9540868378907365e-08, -3.870883900510027e-06, -8.703001732770538e-07, 2.90749018730917e-07, 7.066030806569106e-08, -2.402785558745343e-08, 1.7287866908130287e-09], [5.956747369432627e-06, -9.416319901946327e-06, 3.2301148355235662e-06, -2.2797606123576322e-07, -3.9540868378907365e-08, 4.4293628401282415e-09, 4.3028530865848383e-07, 1.225066708869376e-07, -4.417480578591985e-08, -6.377432788574752e-09, 2.7644578317260147e-09, -2.1173060983387494e-10], [0.03947677115169244, 0.001267732568053085, -4.56666560246942e-05, -1.391554920991058e-05, -3.870883900510027e-06, 4.3028530865848383e-07, 0.9670754195396271, -0.021503098008754978, 0.0026462455614285393, 0.00010539560556438782, -7.747070773705839e-05, 5.630237307504981e-06], [-0.0007419730337221159, 7.288493292471619e-05, 1.6998815403371497e-05, -1.576730702772218e-07, -8.703001732770538e-07, 1.225066708869376e-07, -0.021503098008754978, 0.028887458327015628, -0.00701151537995412, 0.0002726933997629005, 9.608138864919971e-05, -8.722728196580557e-06], [4.639120863926849e-07, 2.4416404718313185e-05, -1.9493188549247018e-05, 1.4288068634132943e-06, 2.90749018730917e-07, -4.417480578591985e-08, 0.0026462455614285393, -0.00701151537995412, 0.0022946097739258734, -0.00015026941888192382, -2.7474557946516708e-05, 2.9774764718910225e-06], [4.150740237689761e-05, 7.776811229751497e-06, -3.397262090010602e-06, 1.7818551488422115e-07, 7.066030806569106e-08, -6.377432788574752e-09, 0.00010539560556438782, 0.0002726933997629005, -0.00015026941888192382, 1.774780425181515e-05, 1.1561145097355785e-06, -2.0796364260716457e-07], [-3.272270117813073e-06, -3.829249497953518e-06, 1.6709535994493123e-06, -1.1495005131141176e-07, -2.402785558745343e-08, 2.7644578317260147e-09, -7.747070773705839e-05, 9.608138864919971e-05, -2.7474557946516708e-05, 1.1561145097355785e-06, 4.0289104970226445e-07, -3.630828878069272e-08], [3.6402586600974176e-08, 3.250579586846115e-07, -1.3829036181310757e-07, 1.033277058159015e-08, 1.7287866908130287e-09, -2.1173060983387494e-10, 5.630237307504981e-06, -8.722728196580557e-06, 2.9774764718910225e-06, -2.0796364260716457e-07, -3.630828878069272e-08, 4.032578927448951e-09]], [[0.9679688657457327, -0.028994595857976847, 0.004576771158018613, -0.00020286431713695307, -3.947312318661675e-05, 2.309752543134343e-06, 1.3469957850999117e-07, 0.039094609013687, -0.0007127828837282369, -1.922283336384803e-05, 5.006488515970315e-05, -2.7602342053513337e-06, -8.758934139887086e-07, 8.24476939732e-08], [-0.028994595857976847, 0.03458301839593401, -0.009083240423502491, 0.0006372650140666099, 5.800687124809311e-05, -5.869593616235408e-06, -1.1930049361662723e-07, 0.0008523257181897888, 0.00031410698072482945, 1.6597345664629895e-05, -1.3829389916695786e-05, 6.469291476394795e-08, 2.309984075806434e-07, -1.3707986108723084e-08], [0.004576771158018613, -0.009083240423502491, 0.0033067502472592103, -0.00036678953219845584, -1.3614262935167414e-05, 4.284559389008013e-06, -1.5357166024346827e-07, 5.599931226594454e-06, 2.165904597896629e-05, -4.7072282626024634e-05, 9.427099113403795e-06, 4.541182791531816e-08, -1.355034661947582e-07, 7.829329001356663e-09], [-0.00020286431713695307, 0.0006372650140666099, -0.00036678953219845584, 6.750506085338552e-05, -5.05823554118617e-07, -9.664831106727802e-07, 6.841983098430831e-08, -1.7295180111329594e-05, -2.0311312338348154e-05, 1.2063576622590775e-05, -2.2833802532851645e-06, 2.0534361301175653e-08, 3.3680910851808565e-08, -2.4032007643853685e-09], [-3.947312318661675e-05, 5.800687124809311e-05, -1.3614262935167414e-05, -5.05823554118617e-07, 2.3709888376328783e-07, 2.1999496930803536e-08, -3.9087488155050694e-09, 4.747859008803594e-06, -8.113179271848404e-07, 1.0505471925553689e-07, 6.4120870531956e-08, -7.783266664925838e-09, -1.4979594647994605e-09, 1.9094878300631035e-10], [2.309752543134343e-06, -5.869593616235408e-06, 4.284559389008013e-06, -9.664831106727802e-07, 2.1999496930803536e-08, 1.4844762969948463e-08, -1.204785787836722e-09, -1.5860553632435301e-06, 7.343436128410412e-07, -2.6159772100973797e-07, 3.615096473564552e-08, 4.695649910652403e-10, -4.996018607844959e-10, 2.9498660940302185e-11], [1.3469957850999117e-07, -1.1930049361662723e-07, -1.5357166024346827e-07, 6.841983098430831e-08, -3.9087488155050694e-09, -1.204785787836722e-09, 1.2146003872251406e-10, 1.3363545496455088e-07, -5.448290749806212e-08, 1.9148915818816236e-08, -3.077146777761089e-09, 8.029966573762736e-12, 4.7208264784636624e-11, -3.4653737015754526e-12], [0.039094609013687, 0.0008523257181897888, 5.599931226594454e-06, -1.7295180111329594e-05, 4.747859008803594e-06, -1.5860553632435301e-06, 1.3363545496455088e-07, 0.9713526955094612, -0.024772544603111745, 0.003857975536227438, -0.00015043890367097098, -3.809382159639038e-05, 1.6586287056352217e-06, 1.720140246316446e-07], [-0.0007127828837282369, 0.00031410698072482945, 2.165904597896629e-05, -2.0311312338348154e-05, -8.113179271848404e-07, 7.343436128410412e-07, -5.448290749806212e-08, -0.024772544603111745, 0.032307526559245375, -0.008526507563941013, 0.0006133045742939268, 5.240216205643073e-05, -5.6585775111280745e-06, -9.083893691473657e-08], [-1.922283336384803e-05, 1.6597345664629895e-05, -4.7072282626024634e-05, 1.2063576622590775e-05, 1.0505471925553689e-07, -2.6159772100973797e-07, 1.9148915818816236e-08, 0.003857975536227438, -0.008526507563941013, 0.0031492472690758185, -0.000358415174246722, -1.2105378087327551e-05, 4.2520092460146325e-06, -1.6572964558812507e-07], [5.006488515970315e-05, -1.3829389916695786e-05, 9.427099113403795e-06, -2.2833802532851645e-06, 6.4120870531956e-08, 3.615096473564552e-08, -3.077146777761089e-09, -0.00015043890367097098, 0.0006133045742939268, -0.000358415174246722, 6.695238263995057e-05, -5.578777297624405e-07, -9.760070215025826e-07, 7.012235599416037e-08], [-2.7602342053513337e-06, 6.469291476394795e-08, 4.541182791531816e-08, 2.0534361301175653e-08, -7.783266664925838e-09, 4.695649910652403e-10, 8.029966573762736e-12, -3.809382159639038e-05, 5.240216205643073e-05, -1.2105378087327551e-05, -5.578777297624405e-07, 2.1699962744451052e-07, 2.256011550361777e-08, -3.778353043809583e-09], [-8.758934139887086e-07, 2.309984075806434e-07, -1.355034661947582e-07, 3.3680910851808565e-08, -1.4979594647994605e-09, -4.996018607844959e-10, 4.7208264784636624e-11, 1.6586287056352217e-06, -5.6585775111280745e-06, 4.2520092460146325e-06, -9.760070215025826e-07, 2.256011550361777e-08, 1.528458829185155e-08, -1.2473070926251844e-09], [8.24476939732e-08, -1.3707986108723084e-08, 7.829329001356663e-09, -2.4032007643853685e-09, 1.9094878300631035e-10, 2.9498660940302185e-11, -3.4653737015754526e-12, 1.720140246316446e-07, -9.083893691473657e-08, -1.6572964558812507e-07, 7.012235599416037e-08, -3.778353043809583e-09, -1.2473070926251844e-09, 1.2354803488534753e-10]], [[0.9654713540836878, -0.029770424741285856, 0.004888645009580572, -0.00018642459735212873, -5.6079571234385826e-05, 8.133055722143828e-07, 1.0783817505278675e-06, -7.481807316623398e-08, 0.03691095204713611, -0.0011077836579739008, -2.0377755293677155e-05, 5.114193068404332e-05, 2.004037686957198e-06, -7.45948886608085e-07, -1.7474876885506047e-07, 2.2747236011009216e-08], [-0.029770424741285856, 0.03777253139277868, -0.010362748025165089, 0.0006916189613471211, 9.364810217405604e-05, -5.4012553533905826e-06, -1.53952480071177e-06, 1.1636554842186821e-07, 0.0016088448331447959, 0.0006186289350907476, -0.00015480046063561992, 2.894352602379009e-05, -3.5281824474638843e-06, -5.431428284138603e-08, 4.951896297388228e-08, -2.984642801835557e-09], [0.004888645009580572, -0.010362748025165089, 0.003917525588885663, -0.0003948501224972447, -3.3874151354765304e-05, 3.937880305102792e-06, 7.216145487286735e-07, -7.283821315229685e-08, -0.000280434747952981, -0.00013711811162435517, 4.3188046179214275e-05, -1.1745877530354538e-05, 1.5228054750934177e-06, 4.5081303763915006e-08, -2.2373645147986557e-08, 1.233723281748571e-09], [-0.00018642459735212873, 0.0006916189613471211, -0.0003948501224972447, 5.972601074466897e-05, 2.985084426900966e-06, -7.194124186274854e-07, -9.478386676738033e-08, 1.2501812574656658e-08, 3.7898542230491656e-05, 6.573799903723946e-06, -2.3208400010164596e-06, 9.430414520957628e-07, -1.6622672964413724e-07, -2.6291470841635164e-09, 3.284027177775113e-09, -2.382497347256001e-10], [-5.6079571234385826e-05, 9.364810217405604e-05, -3.3874151354765304e-05, 2.985084426900966e-06, 3.1856118133590527e-07, -2.588853100103238e-08, -5.924630696220814e-09, 4.932281946730312e-10, -3.1551926533384454e-06, 7.315521310514763e-08, -2.1383461710613174e-07, 1.0703525778817723e-07, -1.456300022056137e-08, -5.773255260516287e-10, 1.891155490379465e-10, -7.018817677604172e-12], [8.133055722143828e-07, -5.4012553533905826e-06, 3.937880305102792e-06, -7.194124186274854e-07, -2.588853100103238e-08, 9.377465564274393e-09, 1.0828810557273554e-09, -1.609278569332794e-10, -4.126253941132141e-07, 1.1650235651516789e-07, -2.3815963499769782e-08, -3.0714053524055847e-09, 2.0372618072423073e-09, -6.05649636790866e-11, -4.8938414277687327e-11, 4.431530553641051e-12], [1.0783817505278675e-06, -1.53952480071177e-06, 7.216145487286735e-07, -9.478386676738033e-08, -5.924630696220814e-09, 1.0828810557273554e-09, 1.606173673054003e-10, -1.9173943737813665e-11, 9.49185958222684e-09, -6.177272778437064e-09, 8.83349341645981e-09, -2.939979661181642e-09, 2.777477564786345e-10, 1.9962532242604674e-11, -4.10797878457497e-12, 1.4848884484364515e-13], [-7.481807316623398e-08, 1.1636554842186821e-07, -7.283821315229685e-08, 1.2501812574656658e-08, 4.932281946730312e-10, -1.609278569332794e-10, -1.9173943737813665e-11, 2.7824394688156864e-12, 4.771971659991403e-09, -3.5111926919273746e-10, -5.261040058485441e-10, 2.162649255273381e-10, -3.0806032396627125e-11, -7.661581867547429e-13, 6.428246781388059e-13, -4.743806306740644e-14], [0.03691095204713611, 0.0016088448331447959, -0.000280434747952981, 3.7898542230491656e-05, -3.1551926533384454e-06, -4.126253941132141e-07, 9.49185958222684e-09, 4.771971659991403e-09, 0.9697285654059483, -0.025637227117538085, 0.004205652647878666, -0.00015212378982640073, -4.984175805532351e-05, 2.0231831182253396e-07, 9.453456878193194e-07, -5.9298445690192157e-08], [-0.0011077836579739008, 0.0006186289350907476, -0.00013711811162435517, 6.573799903723946e-06, 7.315521310514763e-08, 1.1650235651516789e-07, -6.177272778437064e-09, -3.5111926919273746e-10, -0.025637227117538085, 0.0353998299900684, -0.009728802394643755, 0.0006617865363227629, 8.502952387759127e-05, -5.077865136095488e-06, -1.3770269473443455e-06, 1.0407428671052431e-07], [-2.0377755293677155e-05, -0.00015480046063561992, 4.3188046179214275e-05, -2.3208400010164596e-06, -2.1383461710613174e-07, -2.3815963499769782e-08, 8.83349341645981e-09, -5.261040058485441e-10, 0.004205652647878666, -0.009728802394643755, 0.003693287812361952, -0.00037772166916506935, -3.063188107087314e-05, 3.726751231046404e-06, 6.482640611704811e-07, -6.632189278102544e-08], [5.114193068404332e-05, 2.894352602379009e-05, -1.1745877530354538e-05, 9.430414520957628e-07, 1.0703525778817723e-07, -3.0714053524055847e-09, -2.939979661181642e-09, 2.162649255273381e-10, -0.00015212378982640073, 0.0006617865363227629, -0.00037772166916506935, 5.757553110123074e-05, 2.716569769984858e-06, -6.890914051884671e-07, -8.718580986970787e-08, 1.1690361448667215e-08], [2.004037686957198e-06, -3.5281824474638843e-06, 1.5228054750934177e-06, -1.6622672964413724e-07, -1.456300022056137e-08, 2.0372618072423073e-09, 2.777477564786345e-10, -3.0806032396627125e-11, -4.984175805532351e-05, 8.502952387759127e-05, -3.063188107087314e-05, 2.716569769984858e-06, 2.754950000344555e-07, -2.2904292628337377e-08, -5.024647702815425e-09, 4.181959200979873e-10], [-7.45948886608085e-07, -5.431428284138603e-08, 4.5081303763915006e-08, -2.6291470841635164e-09, -5.773255260516287e-10, -6.05649636790866e-11, 1.9962532242604674e-11, -7.661581867547429e-13, 2.0231831182253396e-07, -5.077865136095488e-06, 3.726751231046404e-06, -6.890914051884671e-07, -2.2904292628337377e-08, 8.977073830685069e-09, 9.954883673686607e-10, -1.513390507836044e-10], [-1.7474876885506047e-07, 4.951896297388228e-08, -2.2373645147986557e-08, 3.284027177775113e-09, 1.891155490379465e-10, -4.8938414277687327e-11, -4.10797878457497e-12, 6.428246781388059e-13, 9.453456878193194e-07, -1.3770269473443455e-06, 6.482640611704811e-07, -8.718580986970787e-08, -5.024647702815425e-09, 9.954883673686607e-10, 1.3998763023411126e-10, -1.7192352857986222e-11], [2.2747236011009216e-08, -2.984642801835557e-09, 1.233723281748571e-09, -2.382497347256001e-10, -7.018817677604172e-12, 4.431530553641051e-12, 1.4848884484364515e-13, -4.743806306740644e-14, -5.9298445690192157e-08, 1.0407428671052431e-07, -6.632189278102544e-08, 1.1690361448667215e-08, 4.181959200979873e-10, -1.513390507836044e-10, -1.7192352857986222e-11, 2.5692803194796045e-12]]], "B_list": [{"B_d": [[0.002010782542579088], [1.1535804171361997e-05], [3.875909825089928e-06]], "B_theta": [1.0173228323577812e-05], "B_const": [0.06257819674822701]}, {"B_d": [[0.0006262157603457299], [3.4995127193756987e-06], [6.952842590057126e-07]], "B_theta": [2.625567570437844e-06], "B_const": [0.008790937883452902]}, {"B_d": [[0.00016879360398789738], [5.696679055230967e-07], [3.6314802083703117e-07]], "B_theta": [1.1008896613715497e-06], "B_const": [0.003170497140981362]}, {"B_d": [[9.64329047001384e-05], [2.4393573961498498e-08], [2.7010776535252153e-07]], "B_theta": [5.173953817202013e-07], "B_const": [0.0016072097020893654]}, {"B_d": [[7.58281206639087e-05], [6.168023463877886e-07], [1.8243986004902823e-07]], "B_theta": [2.4646114374993705e-07], "B_const": [0.0009402839629680052]}, {"B_d": [[5.861344338869555e-05], [5.834371553300157e-08], [2.2499461099183535e-07]], "B_theta": [2.275134596834738e-07], "B_const": [0.0009460791546320049]}, {"B_d": [[7.356529932270531e-05], [7.372664417223088e-08], [1.1575183309554395e-07]], "B_theta": [1.0221136386889264e-07], "B_const": [0.0006159469066087103]}, {"B_d": [[5.716723763470655e-05], [3.3650297310472097e-07], [1.15203382033025e-07]], "B_theta": [8.271761623132035e-08], "B_const": [0.0006022589701578582]}], "bic_scores": [34.54014309763758, -77.88832664279491, -118.65311625083949, -127.73815241079188, -117.75687718640606, -70.30692661937596, -31.387754729142245, 28.689376681690703], "best_bic": -127.73815241079188, "best_bic_A": [[0.9753377647020243, -0.0304899253880885, 0.004081392468723407, -0.00023418730747241562, 0.04108231632786851, -0.001955690714058045, 0.00047506784689273527, -2.837873728887241e-05], [-0.0304899253880885, 0.02768398549888973, -0.005582146724470771, 0.0003537801101946622, 0.0018093673518553937, 0.00022805095453373917, -3.884350528294908e-05, 2.1378187610758563e-06], [0.004081392468723407, -0.005582146724470771, 0.0013541483966054144, -9.432906154638572e-05, -0.00024728558671684387, -3.258126166215162e-05, 1.6340180668011888e-06, 1.4323288630697295e-07], [-0.00023418730747241562, 0.0003537801101946622, -9.432906154638572e-05, 6.963081655082887e-06, 8.830858215722799e-06, 2.2602882334941956e-06, -7.694798544817341e-08, -1.7097163187854414e-08], [0.04108231632786851, 0.0018093673518553937, -0.00024728558671684387, 8.830858215722799e-06, 0.9846057687554596, -0.027245214164667145, 0.0036963670302619005, -0.00022704493719099227], [-0.001955690714058045, 0.00022805095453373917, -3.258126166215162e-05, 2.2602882334941956e-06, -0.027245214164667145, 0.026412257567026757, -0.005319252219257821, 0.00033784166187683217], [0.00047506784689273527, -3.884350528294908e-05, 1.6340180668011888e-06, -7.694798544817341e-08, 0.0036963670302619005, -0.005319252219257821, 0.0012978477121429232, -9.083905637006652e-05], [-2.837873728887241e-05, 2.1378187610758563e-06, 1.4323288630697295e-07, -1.7097163187854414e-08, -0.00022704493719099227, 0.00033784166187683217, -9.083905637006652e-05, 6.733417396099131e-06]], "best_bic_B": {"B_d": [[9.64329047001384e-05], [2.4393573961498498e-08], [2.7010776535252153e-07]], "B_theta": [5.173953817202013e-07], "B_const": [0.0016072097020893654]}, "best_bic_deg": 4, "best_bic_deg_idx": 3, "aic_scores": [25.54616212944014, -94.7520409581651, -147.88355439748116, -173.83230487280375, -185.21173444788684, -163.61947916442438, -155.05499304185702, -129.8295378827891], "best_aic": -185.21173444788684, "best_aic_A": [[0.9681958320343814, -0.03028949549165956, 0.00503016363027315, -0.000443503366814139, 1.1487538905906196e-05, 0.040510038673377304, -0.0011780937264574008, 0.00011606268944714236, 2.6257753517144317e-05, -3.3918075989279573e-06], [-0.03028949549165956, 0.03357939884464228, -0.009272511045566966, 0.0010760517642388044, -4.487161535375829e-05, 0.0013635085826458116, 0.00025452648693185777, -3.305186709194852e-05, -4.6520191201887614e-07, 1.236847788737624e-07], [0.00503016363027315, -0.009272511045566966, 0.00352179526509591, -0.0005184597520340171, 2.6665328793877076e-05, -0.0001254269987498007, -2.0943002859565526e-05, -9.13415485338966e-06, 2.4025095299718877e-06, -1.5305213044088648e-07], [-0.000443503366814139, 0.0010760517642388044, -0.0005184597520340171, 9.030988705388692e-05, -5.256577270086312e-06, -1.6175833581930776e-05, -3.2389829936024592e-06, 3.677037584221567e-06, -6.922441885493848e-07, 4.4799801116149205e-08], [1.1487538905906196e-05, -4.487161535375829e-05, 2.6665328793877076e-05, -5.256577270086312e-06, 3.3146145453448267e-07, 1.57992676054254e-06, 5.065439223658997e-07, -3.049192493645769e-07, 5.380853991191129e-08, -3.5856417072306953e-09], [0.040510038673377304, 0.0013635085826458116, -0.0001254269987498007, -1.6175833581930776e-05, 1.57992676054254e-06, 0.9784078149923188, -0.027307265161627042, 0.004757666220517075, -0.0004513532878307984, 1.2045410344718888e-05], [-0.0011780937264574008, 0.00025452648693185777, -2.0943002859565526e-05, -3.2389829936024592e-06, 5.065439223658997e-07, -0.027307265161627042, 0.032475303331969664, -0.00907404750224914, 0.0010725774603716608, -4.5367112904506864e-05], [0.00011606268944714236, -3.305186709194852e-05, -9.13415485338966e-06, 3.677037584221567e-06, -3.049192493645769e-07, 0.004757666220517075, -0.00907404750224914, 0.0034659162965698393, -0.0005118604768401201, 2.6299605501137965e-05], [2.6257753517144317e-05, -4.6520191201887614e-07, 2.4025095299718877e-06, -6.922441885493848e-07, 5.380853991191129e-08, -0.0004513532878307984, 0.0010725774603716608, -0.0005118604768401201, 8.833715051278215e-05, -5.098755756728648e-06], [-3.3918075989279573e-06, 1.236847788737624e-07, -1.5305213044088648e-07, 4.4799801116149205e-08, -3.5856417072306953e-09, 1.2045410344718888e-05, -4.5367112904506864e-05, 2.6299605501137965e-05, -5.098755756728648e-06, 3.1817789026318407e-07]], "best_aic_B": {"B_d": [[7.58281206639087e-05], [6.168023463877886e-07], [1.8243986004902823e-07]], "B_theta": [2.4646114374993705e-07], "B_const": [0.0009402839629680052]}, "best_aic_deg": 5, "best_aic_deg_idx": 4, "lr": [{"class_name": "PiecewiseConstantDecay", "config": {"boundaries": [3360], "values": [0.005, 0.005], "name": null}}, {"class_name": "PiecewiseConstantDecay", "config": {"boundaries": [3360], "values": [0.005, 0.005], "name": null}}, {"class_name": "PiecewiseConstantDecay", "config": {"boundaries": [3360], "values": [0.005, 0.005], "name": null}}, {"class_name": "PiecewiseConstantDecay", "config": {"boundaries": [3360], "values": [0.005, 0.005], "name": null}}, {"class_name": "PiecewiseConstantDecay", "config": {"boundaries": [3360], "values": [0.005, 0.005], "name": null}}, {"class_name": "PiecewiseConstantDecay", "config": {"boundaries": [3360], "values": [0.005, 0.005], "name": null}}, {"class_name": "PiecewiseConstantDecay", "config": {"boundaries": [3360], "values": [0.005, 0.005], "name": null}}, {"class_name": "PiecewiseConstantDecay", "config": {"boundaries": [3360], "values": [0.005, 0.005], "name": null}}], "optimizer": [{"class_name": "Adam", "config": {"name": "Adam", "learning_rate": 0.002, "decay": 0.0, "beta_1": 0.9, "beta_2": 0.999, "epsilon": 1e-07, "amsgrad": false}}, {"class_name": "Adam", "config": {"name": "Adam", "learning_rate": 0.002, "decay": 0.0, "beta_1": 0.9, "beta_2": 0.999, "epsilon": 1e-07, "amsgrad": false}}, {"class_name": "Adam", "config": {"name": "Adam", "learning_rate": 0.002, "decay": 0.0, "beta_1": 0.9, "beta_2": 0.999, "epsilon": 1e-07, "amsgrad": false}}, {"class_name": "Adam", "config": {"name": "Adam", "learning_rate": 0.002, "decay": 0.0, "beta_1": 0.9, "beta_2": 0.999, "epsilon": 1e-07, "amsgrad": false}}, {"class_name": "Adam", "config": {"name": "Adam", "learning_rate": 0.002, "decay": 0.0, "beta_1": 0.9, "beta_2": 0.999, "epsilon": 1e-07, "amsgrad": false}}, {"class_name": "Adam", "config": {"name": "Adam", "learning_rate": 0.002, "decay": 0.0, "beta_1": 0.9, "beta_2": 0.999, "epsilon": 1e-07, "amsgrad": false}}, {"class_name": "Adam", "config": {"name": "Adam", "learning_rate": 0.002, "decay": 0.0, "beta_1": 0.9, "beta_2": 0.999, "epsilon": 1e-07, "amsgrad": false}}, {"class_name": "Adam", "config": {"name": "Adam", "learning_rate": 0.002, "decay": 0.0, "beta_1": 0.9, "beta_2": 0.999, "epsilon": 1e-07, "amsgrad": false}}], "epochs": 200, "best_epochs": [174, 151, 163, 190, 198, 197, 199, 198], "batch_size": 128}