{"degree": [1, 2, 3, 4, 5, 6, 7, 8], "losses": [-49.039629734257865, -114.202474572283, -148.40782397690216, -174.31355867856612, -197.3442359444123, -198.56999910391167, -213.78678835871966, -218.21621517412197], "A_list": [[[0.9268352998301647, 0.04316453350576625], [0.04316453350576625, 0.9472422577126309]], [[0.960575636543062, -0.011092382534907488, 0.042432044966594015, -0.001580428974152196], [-0.011092382534907488, 0.003395349967505001, 0.000718671236175331, 4.551415377365405e-06], [0.042432044966594015, 0.000718671236175331, 0.981161406159922, -0.011210720769649333], [-0.001580428974152196, 4.551415377365405e-06, -0.011210720769649333, 0.0032058548781727586]], [[0.954137588378139, -0.019520004883304586, 0.001217387196435819, 0.03961788667292255, 0.00012619451725915867, -0.00015902214116833048], [-0.019520004883304586, 0.019941469722190297, -0.002884454589276245, 0.0021091841402517283, -6.049812443856329e-05, 2.1893054765173562e-05], [0.001217387196435819, -0.002884454589276245, 0.0005085027829366331, -0.0002804225599304491, 4.742619662519613e-05, -4.802378849920444e-06], [0.03961788667292255, 0.0021091841402517283, -0.0002804225599304491, 0.9825311008579677, -0.021057329831368488, 0.0017603096055127008], [0.00012619451725915867, -6.049812443856329e-05, 4.742619662519613e-05, -0.021057329831368488, 0.018995270204294114, -0.002739367203666731], [-0.00015902214116833048, 2.1893054765173562e-05, -4.802378849920444e-06, 0.0017603096055127008, -0.002739367203666731, 0.0004769680166874772]], [[0.9586504375123263, -0.03994899552994512, 0.010846477796195476, -0.001205773292128115, 0.04272224555764871, 0.0005541788758951626, -0.00035786497544572674, 1.1175784094085738e-05], [-0.03994899552994512, 0.06641021305395552, -0.023887056639474734, 0.002682507285436385, 0.0011069626791110412, 0.00016750859377355045, -6.403822675462238e-05, 1.8875129375172398e-05], [0.010846477796195476, -0.023887056639474734, 0.010005252216206986, -0.0012141353073324868, 8.210593284185023e-05, -0.00015536924518368134, 6.461371588526752e-05, -1.2706689872563126e-05], [-0.001205773292128115, 0.002682507285436385, -0.0012141353073324868, 0.00015485625671457932, -6.689540742662843e-05, 3.0132866512757054e-05, -1.013355158677215e-05, 1.773432031917018e-06], [0.04272224555764871, 0.0011069626791110412, 8.210593284185023e-05, -6.689540742662843e-05, 0.9896342813009202, -0.04246993265481616, 0.011388180980741335, -0.001229398355633399], [0.0005541788758951626, 0.00016750859377355045, -0.00015536924518368134, 3.0132866512757054e-05, -0.04246993265481616, 0.06324919919115621, -0.02288301301037241, 0.0025709414764725665], [-0.00035786497544572674, -6.403822675462238e-05, 6.461371588526752e-05, -1.013355158677215e-05, 0.011388180980741335, -0.02288301301037241, 0.009646132107329902, -0.0011747495732338448], [1.1175784094085738e-05, 1.8875129375172398e-05, -1.2706689872563126e-05, 1.773432031917018e-06, -0.001229398355633399, 0.0025709414764725665, -0.0011747495732338448, 0.000150447166569946]], [[0.9458381447716773, -0.03425225826252482, 0.00989908402758408, -0.0010997615421618027, -2.559841430867951e-05, 0.044504657268807535, 0.001154705043603056, -0.0006310559418342574, 3.309727629369484e-05, 6.113340644633543e-06], [-0.03425225826252482, 0.08051387621927066, -0.04035849164362476, 0.008369412876898125, -0.0006145124706428287, -0.0006347212011241385, -0.00036167728458587464, 0.00013084943168048101, 9.523821978572803e-06, -5.362112337805175e-06], [0.00989908402758408, -0.04035849164362476, 0.02721664084452796, -0.007079314121972387, 0.0006399957537704069, 0.0007757303208516202, 7.113622118330796e-05, -3.47731709863769e-05, -1.2740264057131622e-05, 3.4412458941017045e-06], [-0.0010997615421618027, 0.008369412876898125, -0.007079314121972387, 0.0021488383947596526, -0.00021793099686836164, -0.00019859049341556286, -4.2357878773487085e-05, 2.54107678238727e-05, 8.769668622465073e-07, -8.403048751790267e-07], [-2.559841430867951e-05, -0.0006145124706428287, 0.0006399957537704069, -0.00021793099686836164, 2.3813437946928174e-05, 1.1874842570778625e-05, 5.890364486319947e-06, -2.819468678988732e-06, -3.5162223440879067e-07, 1.3636726093141978e-07], [0.044504657268807535, -0.0006347212011241385, 0.0007757303208516202, -0.00019859049341556286, 1.1874842570778625e-05, 0.9824699893610702, -0.03564448886780213, 0.009779497723955937, -0.0009534477634447461, -4.5533973286460194e-05], [0.001154705043603056, -0.00036167728458587464, 7.113622118330796e-05, -4.2357878773487085e-05, 5.890364486319947e-06, -0.03564448886780213, 0.07803512800100122, -0.039370112902205004, 0.008243423807488477, -0.0006073563223290982], [-0.0006310559418342574, 0.00013084943168048101, -3.47731709863769e-05, 2.54107678238727e-05, -2.819468678988732e-06, 0.009779497723955937, -0.039370112902205004, 0.02646013465927877, -0.0068718301750737105, 0.0006167800210283977], [3.309727629369484e-05, 9.523821978572803e-06, -1.2740264057131622e-05, 8.769668622465073e-07, -3.5162223440879067e-07, -0.0009534477634447461, 0.008243423807488477, -0.0068718301750737105, 0.0020711349254044463, -0.00020793181971774823], [6.113340644633543e-06, -5.362112337805175e-06, 3.4412458941017045e-06, -8.403048751790267e-07, 1.3636726093141978e-07, -4.5533973286460194e-05, -0.0006073563223290982, 0.0006167800210283977, -0.00020793181971774823, 2.2495514184560473e-05]], [[0.9382238843001425, -0.024010032449888138, 0.004337453962114056, 0.0009735574435567519, -0.0005370564412379965, 5.562693126170612e-05, 0.03976803102448064, 0.0018025668282800969, -0.0009933314546227456, 0.00013688879246419254, -2.848654062349309e-06, -5.084398539296007e-07], [-0.024010032449888138, 0.07282515666666271, -0.032355072883902505, 0.002323987244919017, 0.0013434885349094918, -0.00021429324238341835, -0.0006684704647816663, 0.00010939343213919581, -0.00017176815875172204, 0.0001556029961185086, -3.994074730187336e-05, 3.9087014619474585e-06], [0.004337453962114056, -0.032355072883902505, 0.018788738133798253, -0.0022309622695396917, -0.0006666191946316499, 0.000128136088791143, 0.0009668876901650528, -0.0001819920530334812, 0.00013273662097194728, -8.146278163029857e-05, 1.761660167693439e-05, -1.4958624347696802e-06], [0.0009735574435567519, 0.002323987244919017, -0.0022309622695396917, 0.00046320669099643197, 4.9686110903897e-05, -1.5955059331786556e-05, -0.00013426305933980745, -1.366670055187038e-05, -6.887142220416408e-07, 1.0685115649073892e-05, -3.556118619212856e-06, 3.458006105758009e-07], [-0.0005370564412379965, 0.0013434885349094918, -0.0006666191946316499, 4.9686110903897e-05, 2.946617307083653e-05, -4.640689676928279e-06, -5.828629957053507e-05, 1.778929554502175e-05, -1.1984351931454787e-05, 3.739556350969252e-06, -1.5722388721888506e-07, -3.3135168895780434e-08], [5.562693126170612e-05, -0.00021429324238341835, 0.000128136088791143, -1.5955059331786556e-05, -4.640689676928279e-06, 9.084396962646348e-07, 1.0880982948843587e-05, -2.8580182954798717e-06, 1.9134042045067173e-06, -7.46240143391444e-07, 7.685419755351241e-08, 4.516477172263759e-10], [0.03976803102448064, -0.0006684704647816663, 0.0009668876901650528, -0.00013426305933980745, -5.828629957053507e-05, 1.0880982948843587e-05, 0.9673687889296089, -0.02495608209051508, 0.003989869343358359, 0.0011598172752509304, -0.0005699584201463973, 5.6737982977957694e-05], [0.0018025668282800969, 0.00010939343213919581, -0.0001819920530334812, -1.366670055187038e-05, 1.778929554502175e-05, -2.8580182954798717e-06, -0.02495608209051508, 0.06814527070224767, -0.030010675000797914, 0.0021087358139776228, 0.0012575048356257554, -0.00019999103923686991], [-0.0009933314546227456, -0.00017176815875172204, 0.00013273662097194728, -6.887142220416408e-07, -1.1984351931454787e-05, 1.9134042045067173e-06, 0.003989869343358359, -0.030010675000797914, 0.017436124559776365, -0.0020738224272242524, -0.0006143202006896601, 0.00011857444690239495], [0.00013688879246419254, 0.0001556029961185086, -8.146278163029857e-05, 1.0685115649073892e-05, 3.739556350969252e-06, -7.46240143391444e-07, 0.0011598172752509304, 0.0021087358139776228, -0.0020738224272242524, 0.0004427813049192317, 4.183350594511359e-05, -1.4449495175298094e-05], [-2.848654062349309e-06, -3.994074730187336e-05, 1.761660167693439e-05, -3.556118619212856e-06, -1.5722388721888506e-07, 7.685419755351241e-08, -0.0005699584201463973, 0.0012575048356257554, -0.0006143202006896601, 4.183350594511359e-05, 2.7942767333655916e-05, -4.310740392075953e-06], [-5.084398539296007e-07, 3.9087014619474585e-06, -1.4958624347696802e-06, 3.458006105758009e-07, -3.3135168895780434e-08, 4.516477172263759e-10, 5.6737982977957694e-05, -0.00019999103923686991, 0.00011857444690239495, -1.4449495175298094e-05, -4.310740392075953e-06, 8.357946227069191e-07]], [[0.9435892187175515, -0.02606406520459023, 0.006314248999184265, 2.5497934204361885e-06, -0.0003096581363391989, 2.075524000800022e-05, 2.052636511483826e-06, 0.04159918570471759, 0.0003785036307366785, -0.00022143583970339365, -0.00019246664850705133, 8.040501173699689e-05, -1.521554286872749e-05, 1.288787715789257e-06], [-0.02606406520459023, 0.08125612033480362, -0.038429068776304594, 0.004612907181903443, 0.0007601432253334064, -0.00011031471152857101, -8.690618120070312e-06, -0.0007591127093388735, 0.0002891979562622402, -0.0002518701233013098, 6.969700665074662e-05, 2.4814734890523665e-05, -1.55318441615511e-05, 1.7936774781012119e-06], [0.006314248999184265, -0.038429068776304594, 0.024750894712637802, -0.004822711520555385, -0.00030426582329555414, 0.00016643982626979116, -1.0028362603526797e-05, 0.0002814450668887765, -0.00031808225384835517, 0.00021949819733489885, -3.231097959268723e-05, -2.070561586530357e-05, 8.813271913675932e-06, -8.095694128120239e-07], [2.5497934204361885e-06, 0.004612907181903443, -0.004822711520555385, 0.0015752556821285889, -2.2217428358839923e-05, -6.880774946637066e-05, 8.5613809685184e-06, 0.00027579232726464243, 2.414063886585538e-05, -4.164164004963015e-05, 1.072000391946057e-05, 3.8954740862079055e-06, -2.2080467417977508e-06, 2.2731509663297184e-07], [-0.0003096581363391989, 0.0007601432253334064, -0.00030426582329555414, -2.2217428358839923e-05, 1.6101331730841375e-05, 2.859320367843448e-06, -8.444846115846656e-07, -0.00013429317113988247, 4.493209756519928e-07, 9.521299718494383e-06, -4.582763479914002e-06, 3.5588240293002117e-07, 1.7449222454255715e-07, -2.9541405461721196e-08], [2.075524000800022e-05, -0.00011031471152857101, 0.00016643982626979116, -6.880774946637066e-05, 2.859320367843448e-06, 3.251095208881697e-06, -4.632430587247016e-07, 1.4018633180006782e-05, 4.162705701975405e-06, -3.729707872830652e-06, 1.221533210528087e-06, -1.4470039824301296e-07, 1.8619689486193855e-08, -1.911823592464752e-09], [2.052636511483826e-06, -8.690618120070312e-06, -1.0028362603526797e-05, 8.5613809685184e-06, -8.444846115846656e-07, -4.632430587247016e-07, 8.079728365541517e-08, 9.11755034750176e-08, -8.694355262968989e-07, 5.643675419643057e-07, -1.4438706829337922e-07, 7.52751654976442e-09, -1.4705929883615038e-09, 4.536877421992586e-10], [0.04159918570471759, -0.0007591127093388735, 0.0002814450668887765, 0.00027579232726464243, -0.00013429317113988247, 1.4018633180006782e-05, 9.11755034750176e-08, 0.9710657844223836, -0.028613012140060415, 0.007439581772380094, -0.00042452814303542435, -0.00013701402693606246, -1.923258409569914e-05, 6.119910721459403e-06], [0.0003785036307366785, 0.0002891979562622402, -0.00031808225384835517, 2.414063886585538e-05, 4.493209756519928e-07, 4.162705701975405e-06, -8.694355262968989e-07, -0.028613012140060415, 0.07615015026588216, -0.03590942525817334, 0.004348953433459719, 0.0006915633326418709, -0.00010160180957466001, -8.060468830737962e-06], [-0.00022143583970339365, -0.0002518701233013098, 0.00021949819733489885, -4.164164004963015e-05, 9.521299718494383e-06, -3.729707872830652e-06, 5.643675419643057e-07, 0.007439581772380094, -0.03590942525817334, 0.023320003551251894, -0.004616102090119105, -0.0002681151355593658, 0.00015967237456551177, -1.0102016298787633e-05], [-0.00019246664850705133, 6.969700665074662e-05, -3.231097959268723e-05, 1.072000391946057e-05, -4.582763479914002e-06, 1.221533210528087e-06, -1.4438706829337922e-07, -0.00042452814303542435, 0.004348953433459719, -0.004616102090119105, 0.0015321729868468929, -2.787287317823711e-05, -6.674550846228231e-05, 8.402905288140411e-06], [8.040501173699689e-05, 2.4814734890523665e-05, -2.070561586530357e-05, 3.8954740862079055e-06, 3.5588240293002117e-07, -1.4470039824301296e-07, 7.52751654976442e-09, -0.00013701402693606246, 0.0006915633326418709, -0.0002681151355593658, -2.787287317823711e-05, 1.5505409177919593e-05, 2.981760923710534e-06, -8.343100385090506e-07], [-1.521554286872749e-05, -1.55318441615511e-05, 8.813271913675932e-06, -2.2080467417977508e-06, 1.7449222454255715e-07, 1.8619689486193855e-08, -1.4705929883615038e-09, -1.923258409569914e-05, -0.00010160180957466001, 0.00015967237456551177, -6.674550846228231e-05, 2.981760923710534e-06, 3.130666373073084e-06, -4.4809444378586616e-07], [1.288787715789257e-06, 1.7936774781012119e-06, -8.095694128120239e-07, 2.2731509663297184e-07, -2.9541405461721196e-08, -1.911823592464752e-09, 4.536877421992586e-10, 6.119910721459403e-06, -8.060468830737962e-06, -1.0102016298787633e-05, 8.402905288140411e-06, -8.343100385090506e-07, -4.4809444378586616e-07, 7.78751839062112e-08]], [[0.946347418870541, -0.027850521430865288, 0.007517728758623321, -0.0003809987344473267, -0.0001901656924348348, -1.7160774105589683e-05, 1.1831401182422837e-05, -9.488073270158678e-07, 0.04490178615127021, -3.125193110962915e-05, 0.0004341631440140615, -0.00028017486128080623, 7.314915159267143e-05, 1.8356153199379164e-06, -3.3320209305034725e-06, 5.10315782513135e-07], [-0.027850521430865288, 0.08162050149297687, -0.03907584768085651, 0.004389652358279447, 0.0010068356687148044, -8.177141363843065e-05, -4.83883619893522e-05, 5.577983217231164e-06, -0.0022874718083342066, 0.0006461047854988603, -0.0006846653172012039, 0.0002840915891029622, -2.3303026849738816e-05, -1.0676821967125082e-05, 1.3942706116200831e-06, 5.892793371285365e-08], [0.007517728758623321, -0.03907584768085651, 0.025840367031214697, -0.00452912118928365, -0.0006433625273099113, 0.00012688268540510128, 4.178808431895256e-05, -7.111134094387485e-06, 0.001333441456067404, -0.0002207683844693105, 0.00031537619492785963, -0.0001325874229534834, 1.8527592695472424e-05, 1.7437975412060643e-06, -2.3221063781431174e-07, -3.4357689724558176e-08], [-0.0003809987344473267, 0.004389652358279447, -0.00452912118928365, 0.001205069559095779, 9.924905792326648e-05, -4.264534071862033e-05, -9.79132316690115e-06, 2.230812201497728e-06, -5.919271950587674e-05, -2.3789944856098546e-06, -2.6742814947715402e-05, 1.1650703439684456e-05, -4.272067898099965e-06, 6.02595717048949e-07, 5.8880200791329125e-09, -6.778725367372658e-09], [-0.0001901656924348348, 0.0010068356687148044, -0.0006433625273099113, 9.924905792326648e-05, 1.739386386848592e-05, -2.329235984011999e-06, -9.911218622934853e-07, 1.3736777898049797e-07, -3.151340216471281e-05, -2.7868371797102936e-05, -4.4950676979192136e-08, 6.0756052368777996e-06, -9.415035040668504e-07, -1.886254548796212e-07, -3.647023786344209e-09, 8.297439034193664e-09], [-1.7160774105589683e-05, -8.177141363843065e-05, 0.00012688268540510128, -4.264534071862033e-05, -2.329235984011999e-06, 1.6802421741082514e-06, 3.237730162208048e-07, -8.591238486303652e-08, 2.3948115463272216e-06, 5.976185424268591e-06, -1.9578405636298973e-06, -2.5991741354069835e-07, 2.3510434724363656e-07, -8.335581661829403e-09, -2.5626833016607267e-09, -3.726418194192557e-10], [1.1831401182422837e-05, -4.83883619893522e-05, 4.178808431895256e-05, -9.79132316690115e-06, -9.911218622934853e-07, 3.237730162208048e-07, 8.45862952882521e-08, -1.7370263434790188e-08, -2.106688594589887e-06, 1.960765784621674e-06, 3.682194236885289e-07, -4.409159240431179e-07, 4.8002727356136365e-08, 1.0706352279738042e-08, 1.299171088596815e-09, -5.845944719574181e-10], [-9.488073270158678e-07, 5.577983217231164e-06, -7.111134094387485e-06, 2.230812201497728e-06, 1.3736777898049797e-07, -8.591238486303652e-08, -1.7370263434790188e-08, 4.436936005645948e-09, 5.660875039912778e-07, -4.815686927440996e-07, 1.9090909228021173e-08, 5.900964332815746e-08, -1.081343792439687e-08, -1.2938648854327938e-09, -1.2152175768468488e-10, 8.939960187122983e-11], [0.04490178615127021, -0.0022874718083342066, 0.001333441456067404, -5.919271950587674e-05, -3.151340216471281e-05, 2.3948115463272216e-06, -2.106688594589887e-06, 5.660875039912778e-07, 0.9702356118844443, -0.026786349721620372, 0.0060194994975773354, 0.00024246848348587197, -0.0002471605298076468, -1.9549604481972668e-05, 1.2053414764396146e-05, -7.620298637963903e-07], [-3.125193110962915e-05, 0.0006461047854988603, -0.0002207683844693105, -2.3789944856098546e-06, -2.7868371797102936e-05, 5.976185424268591e-06, 1.960765784621674e-06, -4.815686927440996e-07, -0.026786349721620372, 0.07840217169631668, -0.03706156415971477, 0.003929833261324423, 0.0010062285844554687, -7.78354072260236e-05, -4.36236624724185e-05, 4.80825538832537e-06], [0.0004341631440140615, -0.0006846653172012039, 0.00031537619492785963, -2.6742814947715402e-05, -4.4950676979192136e-08, -1.9578405636298973e-06, 3.682194236885289e-07, 1.9090909228021173e-08, 0.0060194994975773354, -0.03706156415971477, 0.02423664939070673, -0.004147230189699465, -0.000615666481870358, 0.00011798797786190292, 3.741673327338775e-05, -6.317802100658803e-06], [-0.00028017486128080623, 0.0002840915891029622, -0.0001325874229534834, 1.1650703439684456e-05, 6.0756052368777996e-06, -2.5991741354069835e-07, -4.409159240431179e-07, 5.900964332815746e-08, 0.00024246848348587197, 0.003929833261324423, -0.004147230189699465, 0.0011243341244111483, 8.705755241993216e-05, -3.953493946660111e-05, -8.912980943094103e-06, 2.0594650915199237e-06], [7.314915159267143e-05, -2.3303026849738816e-05, 1.8527592695472424e-05, -4.272067898099965e-06, -9.415035040668504e-07, 2.3510434724363656e-07, 4.8002727356136365e-08, -1.081343792439687e-08, -0.0002471605298076468, 0.0010062285844554687, -0.000615666481870358, 8.705755241993216e-05, 1.741707619365541e-05, -2.0283990977524604e-06, -8.688449937571505e-07, 1.1029834088416417e-07], [1.8356153199379164e-06, -1.0676821967125082e-05, 1.7437975412060643e-06, 6.02595717048949e-07, -1.886254548796212e-07, -8.335581661829403e-09, 1.0706352279738042e-08, -1.2938648854327938e-09, -1.9549604481972668e-05, -7.78354072260236e-05, 0.00011798797786190292, -3.953493946660111e-05, -2.0283990977524604e-06, 1.5055553207763607e-06, 2.9779246751963033e-07, -7.813302883261288e-08], [-3.3320209305034725e-06, 1.3942706116200831e-06, -2.3221063781431174e-07, 5.8880200791329125e-09, -3.647023786344209e-09, -2.5626833016607267e-09, 1.299171088596815e-09, -1.2152175768468488e-10, 1.2053414764396146e-05, -4.36236624724185e-05, 3.741673327338775e-05, -8.912980943094103e-06, -8.688449937571505e-07, 2.9779246751963033e-07, 7.578512418642981e-08, -1.5856589580251737e-08], [5.10315782513135e-07, 5.892793371285365e-08, -3.4357689724558176e-08, -6.778725367372658e-09, 8.297439034193664e-09, -3.726418194192557e-10, -5.845944719574181e-10, 8.939960187122983e-11, -7.620298637963903e-07, 4.80825538832537e-06, -6.317802100658803e-06, 2.0594650915199237e-06, 1.1029834088416417e-07, -7.813302883261288e-08, -1.5856589580251737e-08, 4.104948967864282e-09]]], "B_list": [{"B_d": [[0.0010817961606028707], [4.846127979977582e-06], [1.980192756626859e-06]], "B_theta": [2.2241474142317036e-06], "B_const": [0.012520501701607595]}, {"B_d": [[0.00023174937195172466], [1.2537353890082417e-06], [8.491744183500036e-07]], "B_theta": [1.1185974055856858e-06], "B_const": [0.001867358100330531]}, {"B_d": [[8.405469601916616e-05], [3.88793426000718e-07], [4.5228509259910854e-07]], "B_theta": [4.86734839521564e-07], "B_const": [0.0006527284551711885]}, {"B_d": [[1.4645511505665084e-05], [1.407125548452696e-07], [3.5581862811464434e-07]], "B_theta": [1.4875086360886556e-07], "B_const": [0.0002953122622152737]}, {"B_d": [[7.625095779743804e-06], [8.172945893057441e-07], [1.732568226746352e-07]], "B_theta": [6.496493472251642e-08], "B_const": [0.00013309021995476403]}, {"B_d": [[5.277227978494821e-06], [3.2168223657181433e-07], [2.0939240357141346e-07]], "B_theta": [5.540475437549246e-08], "B_const": [0.00013293526550286924]}, {"B_d": [[4.7602691232143695e-06], [4.4878273812858453e-07], [1.1102427550756208e-07]], "B_theta": [3.6382880477081584e-08], "B_const": [6.599557557557331e-05]}, {"B_d": [[5.146610282104487e-06], [1.6285385052920718e-07], [1.0693410773438342e-07]], "B_theta": [3.3865260753817484e-08], "B_const": [6.476114061317856e-05]}], "bic_scores": [-34.28411191780212, -86.53587866642847, -100.45239107342098, -98.69152986923044, -86.67785232099422, -45.48150175818333, -10.898418382453173, 41.849786340910526], "best_bic": -100.45239107342098, "best_bic_A": [[0.954137588378139, -0.019520004883304586, 0.001217387196435819, 0.03961788667292255, 0.00012619451725915867, -0.00015902214116833048], [-0.019520004883304586, 0.019941469722190297, -0.002884454589276245, 0.0021091841402517283, -6.049812443856329e-05, 2.1893054765173562e-05], [0.001217387196435819, -0.002884454589276245, 0.0005085027829366331, -0.0002804225599304491, 4.742619662519613e-05, -4.802378849920444e-06], [0.03961788667292255, 0.0021091841402517283, -0.0002804225599304491, 0.9825311008579677, -0.021057329831368488, 0.0017603096055127008], [0.00012619451725915867, -6.049812443856329e-05, 4.742619662519613e-05, -0.021057329831368488, 0.018995270204294114, -0.002739367203666731], [-0.00015902214116833048, 2.1893054765173562e-05, -4.802378849920444e-06, 0.0017603096055127008, -0.002739367203666731, 0.0004769680166874772]], "best_bic_B": {"B_d": [[8.405469601916616e-05], [3.88793426000718e-07], [4.5228509259910854e-07]], "B_theta": [4.86734839521564e-07], "B_const": [0.0006527284551711885]}, "best_bic_deg": 3, "best_bic_deg_idx": 2, "aic_scores": [-41.039629734257865, -99.202474572283, -122.40782397690216, -133.31355867856612, -137.3442359444123, -115.56999910391167, -103.78678835871966, -77.21621517412197], "best_aic": -137.3442359444123, "best_aic_A": [[0.9458381447716773, -0.03425225826252482, 0.00989908402758408, -0.0010997615421618027, -2.559841430867951e-05, 0.044504657268807535, 0.001154705043603056, -0.0006310559418342574, 3.309727629369484e-05, 6.113340644633543e-06], [-0.03425225826252482, 0.08051387621927066, -0.04035849164362476, 0.008369412876898125, -0.0006145124706428287, -0.0006347212011241385, -0.00036167728458587464, 0.00013084943168048101, 9.523821978572803e-06, -5.362112337805175e-06], [0.00989908402758408, -0.04035849164362476, 0.02721664084452796, -0.007079314121972387, 0.0006399957537704069, 0.0007757303208516202, 7.113622118330796e-05, -3.47731709863769e-05, -1.2740264057131622e-05, 3.4412458941017045e-06], [-0.0010997615421618027, 0.008369412876898125, -0.007079314121972387, 0.0021488383947596526, -0.00021793099686836164, -0.00019859049341556286, -4.2357878773487085e-05, 2.54107678238727e-05, 8.769668622465073e-07, -8.403048751790267e-07], [-2.559841430867951e-05, -0.0006145124706428287, 0.0006399957537704069, -0.00021793099686836164, 2.3813437946928174e-05, 1.1874842570778625e-05, 5.890364486319947e-06, -2.819468678988732e-06, -3.5162223440879067e-07, 1.3636726093141978e-07], [0.044504657268807535, -0.0006347212011241385, 0.0007757303208516202, -0.00019859049341556286, 1.1874842570778625e-05, 0.9824699893610702, -0.03564448886780213, 0.009779497723955937, -0.0009534477634447461, -4.5533973286460194e-05], [0.001154705043603056, -0.00036167728458587464, 7.113622118330796e-05, -4.2357878773487085e-05, 5.890364486319947e-06, -0.03564448886780213, 0.07803512800100122, -0.039370112902205004, 0.008243423807488477, -0.0006073563223290982], [-0.0006310559418342574, 0.00013084943168048101, -3.47731709863769e-05, 2.54107678238727e-05, -2.819468678988732e-06, 0.009779497723955937, -0.039370112902205004, 0.02646013465927877, -0.0068718301750737105, 0.0006167800210283977], [3.309727629369484e-05, 9.523821978572803e-06, -1.2740264057131622e-05, 8.769668622465073e-07, -3.5162223440879067e-07, -0.0009534477634447461, 0.008243423807488477, -0.0068718301750737105, 0.0020711349254044463, -0.00020793181971774823], [6.113340644633543e-06, -5.362112337805175e-06, 3.4412458941017045e-06, -8.403048751790267e-07, 1.3636726093141978e-07, -4.5533973286460194e-05, -0.0006073563223290982, 0.0006167800210283977, -0.00020793181971774823, 2.2495514184560473e-05]], "best_aic_B": {"B_d": [[7.625095779743804e-06], [8.172945893057441e-07], [1.732568226746352e-07]], "B_theta": [6.496493472251642e-08], "B_const": [0.00013309021995476403]}, "best_aic_deg": 5, "best_aic_deg_idx": 4, "lr": [{"class_name": "PiecewiseConstantDecay", "config": {"boundaries": [3360], "values": [0.005, 0.005], "name": null}}, {"class_name": "PiecewiseConstantDecay", "config": {"boundaries": [3360], "values": [0.005, 0.005], "name": null}}, {"class_name": "PiecewiseConstantDecay", "config": {"boundaries": [3360], "values": [0.005, 0.005], "name": null}}, {"class_name": "PiecewiseConstantDecay", "config": {"boundaries": [3360], "values": [0.005, 0.005], "name": null}}, {"class_name": "PiecewiseConstantDecay", "config": {"boundaries": [3360], "values": [0.005, 0.005], "name": null}}, {"class_name": "PiecewiseConstantDecay", "config": {"boundaries": [3360], "values": [0.005, 0.005], "name": null}}, {"class_name": "PiecewiseConstantDecay", "config": {"boundaries": [3360], "values": [0.005, 0.005], "name": null}}, {"class_name": "PiecewiseConstantDecay", "config": {"boundaries": [3360], "values": [0.005, 0.005], "name": null}}], "optimizer": [{"class_name": "Adam", "config": {"name": "Adam", "learning_rate": 0.002, "decay": 0.0, "beta_1": 0.9, "beta_2": 0.999, "epsilon": 1e-07, "amsgrad": false}}, {"class_name": "Adam", "config": {"name": "Adam", "learning_rate": 0.002, "decay": 0.0, "beta_1": 0.9, "beta_2": 0.999, "epsilon": 1e-07, "amsgrad": false}}, {"class_name": "Adam", "config": {"name": "Adam", "learning_rate": 0.002, "decay": 0.0, "beta_1": 0.9, "beta_2": 0.999, "epsilon": 1e-07, "amsgrad": false}}, {"class_name": "Adam", "config": {"name": "Adam", "learning_rate": 0.002, "decay": 0.0, "beta_1": 0.9, "beta_2": 0.999, "epsilon": 1e-07, "amsgrad": false}}, {"class_name": "Adam", "config": {"name": "Adam", "learning_rate": 0.002, "decay": 0.0, "beta_1": 0.9, "beta_2": 0.999, "epsilon": 1e-07, "amsgrad": false}}, {"class_name": "Adam", "config": {"name": "Adam", "learning_rate": 0.002, "decay": 0.0, "beta_1": 0.9, "beta_2": 0.999, "epsilon": 1e-07, "amsgrad": false}}, {"class_name": "Adam", "config": {"name": "Adam", "learning_rate": 0.002, "decay": 0.0, "beta_1": 0.9, "beta_2": 0.999, "epsilon": 1e-07, "amsgrad": false}}, {"class_name": "Adam", "config": {"name": "Adam", "learning_rate": 0.002, "decay": 0.0, "beta_1": 0.9, "beta_2": 0.999, "epsilon": 1e-07, "amsgrad": false}}], "epochs": 150, "best_epochs": [140, 133, 132, 147, 149, 148, 149, 148], "batch_size": 128}