{"degree": [1, 2, 3, 4, 5, 6, 7, 8], "losses": [-44.42387229691121, -59.77432590466374, -67.11042932127187, -69.42732528302423, -70.17375250131819, -70.24585337820581, -70.20971333668562, -70.3030753488286], "A_list": [[[0.8477351592031163, 0.034814451018362516], [0.034814451018362516, 0.8612780048652433]], [[0.8513308647967831, -0.014445496730889932, 0.023426001192383434, 0.001917725226878774], [-0.014445496730889932, 0.016870038128307747, -0.004089881681947652, 0.0022195137077427717], [0.023426001192383434, -0.004089881681947652, 0.8719609063781766, -0.010683086402595751], [0.001917725226878774, 0.0022195137077427717, -0.010683086402595751, 0.01798727678354877]], [[0.8300018931532676, 0.0059298203674660165, -0.011307938825456701, 0.03609874440016639, 0.004308334252909632, -0.0026151183055108974], [0.0059298203674660165, 0.07603613216797118, -0.038431524764763456, 0.001287644471869529, 0.0017737250202325792, -0.0014653693194195522], [-0.011307938825456701, -0.038431524764763456, 0.02481385857364436, 0.0003175031637215166, -2.7029131135016537e-05, -1.0069240469057437e-05], [0.03609874440016639, 0.001287644471869529, 0.0003175031637215166, 0.8642635085247197, 0.011893022699394644, -0.015794639274508634], [0.004308334252909632, 0.0017737250202325792, -2.7029131135016537e-05, 0.011893022699394644, 0.06353176598966154, -0.03204895737857918], [-0.0026151183055108974, -0.0014653693194195522, -1.0069240469057437e-05, -0.015794639274508634, -0.03204895737857918, 0.02118468802957274]], [[0.8402616706272229, -0.004753820325714503, 0.0017581180368831028, -0.005962551386032494, 0.038464277667210195, 0.009571804575405317, -0.007075458066897337, 0.0010020538058302273], [-0.004753820325714503, 0.16228428694108663, -0.19016437370031575, 0.07143413163962226, -0.003642855019164691, 0.005249503103740806, -0.004921214932477369, 0.001739767240474761], [0.0017581180368831028, -0.19016437370031575, 0.29266201890369764, -0.12894996965954397, 0.003994514045762404, -0.007566792045337547, 0.009605801415692738, -0.00325744706751686], [-0.005962551386032494, 0.07143413163962226, -0.12894996965954397, 0.06263165288464152, -0.004037524946979154, 0.0025663502134961164, -0.003937268634107443, 0.0014912637684341018], [0.038464277667210195, -0.003642855019164691, 0.003994514045762404, -0.004037524946979154, 0.8493045458057068, 0.0009958216223884128, -0.0006303191495573256, -0.010293522359953747], [0.009571804575405317, 0.005249503103740806, -0.007566792045337547, 0.0025663502134961164, 0.0009958216223884128, 0.12487486009416443, -0.15399842310381365, 0.05889587101370485], [-0.007075458066897337, -0.004921214932477369, 0.009605801415692738, -0.003937268634107443, -0.0006303191495573256, -0.15399842310381365, 0.2562854204526907, -0.11498737319531141], [0.0010020538058302273, 0.001739767240474761, -0.00325744706751686, 0.0014912637684341018, -0.010293522359953747, 0.05889587101370485, -0.11498737319531141, 0.05739207642625709]], [[0.8327687718249732, 0.0022324638075920233, -0.021811874746790205, 0.013611847033383466, -0.008501311376996666, 0.035023269962730995, -0.0012371557575568454, -0.0013502232842645674, -0.003480310565176241, -0.0004144224200013464], [0.0022324638075920233, 0.13598672132931064, -0.22225812123887262, 0.15676057875759572, -0.04055167071538894, -0.00010762999415792362, -0.0023151915374044615, 0.011460943810400142, -0.01266667988968311, 0.0057058808307177125], [-0.021811874746790205, -0.22225812123887262, 0.6845208522949665, -0.7221047829962818, 0.26003859764926035, -0.0035728302274871514, 0.009450434606653364, -0.03392002101935522, 0.038694510087336424, -0.01904948499957346], [0.013611847033383466, 0.15676057875759572, -0.7221047829962818, 0.9167630678234938, -0.37019624807363555, 0.007858560288334607, -0.014074618633531811, 0.03494852844163122, -0.03672180373785098, 0.018550185073421217], [-0.008501311376996666, -0.04055167071538894, 0.26003859764926035, -0.37019624807363555, 0.16105691791768767, -0.0036709907616575095, 0.007196957928842769, -0.015528013056014115, 0.014461445299719175, -0.006233116729241345], [0.035023269962730995, -0.00010762999415792362, -0.0035728302274871514, 0.007858560288334607, -0.0036709907616575095, 0.8207268773844206, 0.002365388835337423, -0.006143813703786475, -0.007192802395844253, -0.0014880359724883964], [-0.0012371557575568454, -0.0023151915374044615, 0.009450434606653364, -0.014074618633531811, 0.007196957928842769, 0.002365388835337423, 0.1258199393700876, -0.19760091474125316, 0.13780568838020404, -0.034709132408504616], [-0.0013502232842645674, 0.011460943810400142, -0.03392002101935522, 0.03494852844163122, -0.015528013056014115, -0.006143813703786475, -0.19760091474125316, 0.5581852075664226, -0.5531362510307616, 0.18693989819077025], [-0.003480310565176241, -0.01266667988968311, 0.038694510087336424, -0.03672180373785098, 0.014461445299719175, -0.007192802395844253, 0.13780568838020404, -0.5531362510307616, 0.6632399579997481, -0.25898936405042333], [-0.0004144224200013464, 0.0057058808307177125, -0.01904948499957346, 0.018550185073421217, -0.006233116729241345, -0.0014880359724883964, -0.034709132408504616, 0.18693989819077025, -0.25898936405042333, 0.11243538096631535]], [[0.8491768321271156, 0.015112998047112839, -0.053364216070668886, 0.08960109584412602, -0.08461101084542716, 0.027107101575913718, 0.016560006997748192, -0.0026673359062504612, 0.014323443647689688, -0.03398309745941619, 0.02889287557906643, -0.008312413897253871], [0.015112998047112839, 0.1386168271589292, -0.18434876310645076, 0.002246196752427602, 0.16189384113482924, -0.08580887645792794, 0.004290269353073231, -0.0031432141752157925, 0.01937318577404383, -0.026589281681054917, 0.020825790313867058, -0.005612349992578268], [-0.053364216070668886, -0.18434876310645076, 0.43789248866037206, -0.16568395941165273, -0.32256946576662726, 0.22149621766007577, -0.013109297092746284, 0.008887942815902963, -0.026018858765457103, 0.03175399540273714, -0.02040373963632417, 0.0012978901328963336], [0.08960109584412602, 0.002246196752427602, -0.16568395941165273, 0.23350873688955232, -0.008774107561455063, -0.07143250787147183, 0.01954152127807636, -0.015622234377594307, 0.03443970375631611, -0.01398620148730512, -0.016982944740157054, 0.013552856542167478], [-0.08461101084542716, 0.16189384113482924, -0.32256946576662726, -0.008774107561455063, 0.37323084636795195, -0.19086956883406145, -0.006158137045319564, 0.008930795378681949, -0.023761958710205703, -0.011078838433228221, 0.04753671711471532, -0.021041253550563258], [0.027107101575913718, -0.08580887645792794, 0.22149621766007577, -0.07143250787147183, -0.19086956883406145, 0.12279100738482449, 0.00019639002520395625, -0.0021195730411904955, 0.005907531466057115, 0.007153908238920645, -0.02059197637643915, 0.008253306638612413], [0.016560006997748192, 0.004290269353073231, -0.013109297092746284, 0.01954152127807636, -0.006158137045319564, 0.00019639002520395625, 0.8445931275435989, 0.007812654465866495, -0.00720386680905659, -0.0001944831336808207, -0.012283680670523673, 0.005384873777612824], [-0.0026673359062504612, -0.0031432141752157925, 0.008887942815902963, -0.015622234377594307, 0.008930795378681949, -0.0021195730411904955, 0.007812654465866495, 0.13773616517207402, -0.2191782610055648, 0.06130209797637108, 0.12428024415602507, -0.07584426263926825], [0.014323443647689688, 0.01937318577404383, -0.026018858765457103, 0.03443970375631611, -0.023761958710205703, 0.005907531466057115, -0.00720386680905659, -0.2191782610055648, 0.5549817096088527, -0.3012245951071472, -0.2333251342419501, 0.1919419473424394], [-0.03398309745941619, -0.026589281681054917, 0.03175399540273714, -0.01398620148730512, -0.011078838433228221, 0.007153908238920645, -0.0001944831336808207, 0.06130209797637108, -0.3012245951071472, 0.2846688341015231, 0.046995378475332854, -0.10232963699302793], [0.02889287557906643, 0.020825790313867058, -0.02040373963632417, -0.016982944740157054, 0.04753671711471532, -0.02059197637643915, -0.012283680670523673, 0.12428024415602507, -0.2333251342419501, 0.046995378475332854, 0.16080793573334853, -0.08834147682780526], [-0.008312413897253871, -0.005612349992578268, 0.0012978901328963336, 0.013552856542167478, -0.021041253550563258, 0.008253306638612413, 0.005384873777612824, -0.07584426263926825, 0.1919419473424394, -0.10232963699302793, -0.08834147682780526, 0.0718769275923687]], [[0.8514386921210572, 0.016103566786470406, -0.04605354799314074, 0.0572946518454973, -0.0394519845318612, 0.006832711907772872, 0.001764581105204197, 0.03908607785046978, 0.013636327219874287, -0.01817364554932678, 0.01379174001607775, 0.0005866267164418744, -0.01360865816943372, 0.00839929069638774], [0.016103566786470406, 0.09903882386482184, -0.09986874277246051, -0.05355526277201937, 0.09158520566730828, 0.04737207996695483, -0.058236908431480834, -0.003326339279409221, -0.0033658050278730714, 0.0068144564128927295, -0.004084626927317245, -0.006871447705824778, 0.010408112959336975, -0.0032003350004894096], [-0.04605354799314074, -0.09986874277246051, 0.26928399606097075, -0.07951163980419258, -0.21632574843212654, 0.08007895251150615, 0.04716274542370464, 0.01816928485801885, 0.0030307226901516633, 0.0035299949542598056, -0.030732540060810585, 0.02734708397058707, 0.0029554515037416395, -0.0069313756495236346], [0.0572946518454973, -0.05355526277201937, -0.07951163980419258, 0.18592528529719263, 0.03590621653387864, -0.17082934424523694, 0.06409094146654165, -0.05813715376212732, 0.006010983439915353, -0.007164244606400689, 0.02195764853534558, -0.0027049169479517895, -0.025274626956890877, 0.013485516900110718], [-0.0394519845318612, 0.09158520566730828, -0.21632574843212654, 0.03590621653387864, 0.22945462653575716, -0.11178721055288607, -0.024246230720229037, 0.10207811880703517, -0.024095608300764657, 0.015778749259711067, 0.019266967441110023, -0.025243146698061863, -0.0070235716349142585, 0.009622392566088466], [0.006832711907772872, 0.04737207996695483, 0.08007895251150615, -0.17082934424523694, -0.11178721055288607, 0.27111143627499146, -0.10132056248800574, -0.09028098132094206, 0.030875379699059083, -0.029583439536242415, -0.025475484185454443, 0.025139077334950938, 0.03394856605237584, -0.02485724548475339], [0.001764581105204197, -0.058236908431480834, 0.04716274542370464, 0.06409094146654165, -0.024246230720229037, -0.10132056248800574, 0.06382188153998072, 0.03019638661654547, -0.012641669017560858, 0.016347070835844316, 0.004445556209497981, -0.006304861518979236, -0.015795854467063043, 0.01080627373715306], [0.03908607785046978, -0.003326339279409221, 0.01816928485801885, -0.05813715376212732, 0.10207811880703517, -0.09028098132094206, 0.03019638661654547, 0.8385741220442253, 0.008725720471655408, 0.01347827191317649, -0.06264219362941466, 0.08466698298576995, -0.06704238362169486, 0.022954075973577816], [0.013636327219874287, -0.0033658050278730714, 0.0030307226901516633, 0.006010983439915353, -0.024095608300764657, 0.030875379699059083, -0.012641669017560858, 0.008725720471655408, 0.10653817014210935, -0.1364466539423262, -0.017559860320697514, 0.09607689559793836, 0.02521975994834468, -0.04802794535764055], [-0.01817364554932678, 0.0068144564128927295, 0.0035299949542598056, -0.007164244606400689, 0.015778749259711067, -0.029583439536242415, 0.016347070835844316, 0.01347827191317649, -0.1364466539423262, 0.3398768460820233, -0.1560856843065444, -0.1253026952122266, -0.008125950451487344, 0.0784201788620972], [0.01379174001607775, -0.004084626927317245, -0.030732540060810585, 0.02195764853534558, 0.019266967441110023, -0.025475484185454443, 0.004445556209497981, -0.06264219362941466, -0.017559860320697514, -0.1560856843065444, 0.25291680490065327, -0.03997989293652973, -0.05889940277761122, 0.005650356790884841], [0.0005866267164418744, -0.006871447705824778, 0.02734708397058707, -0.0027049169479517895, -0.025243146698061863, 0.025139077334950938, -0.006304861518979236, 0.08466698298576995, 0.09607689559793836, -0.1253026952122266, -0.03997989293652973, 0.1316640793924178, -0.002467926743807618, -0.040196207336840796], [-0.01360865816943372, 0.010408112959336975, 0.0029554515037416395, -0.025274626956890877, -0.0070235716349142585, 0.03394856605237584, -0.015795854467063043, -0.06704238362169486, 0.02521975994834468, -0.008125950451487344, -0.05889940277761122, -0.002467926743807618, 0.0712844394442712, -0.03135612414258834], [0.00839929069638774, -0.0032003350004894096, -0.0069313756495236346, 0.013485516900110718, 0.009622392566088466, -0.02485724548475339, 0.01080627373715306, 0.022954075973577816, -0.04802794535764055, 0.0784201788620972, 0.005650356790884841, -0.040196207336840796, -0.03135612414258834, 0.032848779513944645]], [[0.830127905542571, 0.0069156416012800155, -0.021461477365755006, -0.035532537305965, 0.1103930198798368, -0.09725897251897235, 0.011120924749504574, 0.012866341559542091, 0.028760614428922235, 0.0036108170336408853, -0.005786707254281616, -0.0030345538555999626, -0.028207227292176312, 0.07384476378006016, -0.08378189304008202, 0.031419444633296524], [0.0069156416012800155, 0.11311362572710737, -0.12882595356171836, 0.009160216157243503, 0.03435972743132016, 0.028623446910553383, 0.0020738567470822266, -0.02826890469192576, -0.010970089249431905, 0.00200526932979076, 0.003789415315701237, -0.0019914769361471856, -0.009698752161698184, 0.009935086829855283, 0.0029834639466201416, -0.0035866911004235015], [-0.021461477365755006, -0.12882595356171836, 0.4465828217619998, -0.295568683929318, -0.17467184225642307, 0.09275203703890049, 0.14849825349878806, -0.06907294425851015, 0.028353745807892333, 0.0027851789682254214, 0.0005549928527162375, 0.00230944149444103, 0.004779831351717695, -0.019989711380265687, 0.022382656362474163, -0.01391175233636172], [-0.035532537305965, 0.009160216157243503, -0.295568683929318, 0.3581400873305147, 0.054992967937832454, -0.12374621983957582, -0.1628065432245238, 0.1176740225795577, -0.07145376602678735, 0.014284198367879466, -0.03205133380691466, 0.019070360745705575, -0.004432706678343882, 0.007447711901726745, -0.013446770696653737, 0.01129396846425519], [0.1103930198798368, 0.03435972743132016, -0.17467184225642307, 0.054992967937832454, 0.2356905268633546, -0.10885165619436876, -0.11044843113718025, 0.06308023781367278, 0.0995504565678446, -0.020754779829583323, 0.01104688285294499, 0.0024277897093179716, -0.02163795716472964, 0.02146861150992744, -0.014143928519488043, 0.005428901355414948], [-0.09725897251897235, 0.028623446910553383, 0.09275203703890049, -0.12374621983957582, -0.10885165619436876, 0.14507248142446433, 0.055510249165585106, -0.06452661167838399, -0.05523157181497572, -0.020984769423368566, 0.039536996212659874, 0.007362575830122758, 0.0026125113602822343, -0.02527661148631861, -0.006545572938269885, 0.01378554405126325], [0.011120924749504574, 0.0020738567470822266, 0.14849825349878806, -0.1628065432245238, -0.11044843113718025, 0.055510249165585106, 0.2185631337834226, -0.13246499244316676, -0.021616695261365428, 0.06059567391341258, -0.04631334569285256, -0.055113649333423574, 0.04538762517250148, 0.0085788046818051, 0.048123310599436454, -0.044841739331207074], [0.012866341559542091, -0.02826890469192576, -0.06907294425851015, 0.1176740225795577, 0.06308023781367278, -0.06452661167838399, -0.13246499244316676, 0.093662933445574, 0.02012716340707317, -0.027691717870012074, 0.013933533897048054, 0.03157181731911761, -0.025140399804207857, 5.108371091614946e-05, -0.025719595128092784, 0.02206244547893998], [0.028760614428922235, -0.010970089249431905, 0.028353745807892333, -0.07145376602678735, 0.0995504565678446, -0.05523157181497572, -0.021616695261365428, 0.02012716340707317, 0.9057076278793462, 0.009112012842360111, -0.009401877025506933, -0.004585017174111549, -0.0036374647862833067, 0.037961431704485266, -0.05136985090777562, 0.01944521671612808], [0.0036108170336408853, 0.00200526932979076, 0.0027851789682254214, 0.014284198367879466, -0.020754779829583323, -0.020984769423368566, 0.06059567391341258, -0.027691717870012074, 0.009112012842360111, 0.1099277572449344, -0.12909593107632278, 0.011228131835288101, 0.05170166753016557, -0.013562592129054871, 0.04662326495083493, -0.04289928744306179], [-0.005786707254281616, 0.003789415315701237, 0.0005549928527162375, -0.03205133380691466, 0.01104688285294499, 0.039536996212659874, -0.04631334569285256, 0.013933533897048054, -0.009401877025506933, -0.12909593107632278, 0.3206063982666812, -0.15686192203147856, -0.15619087257412267, 0.0764287883349088, 0.028828019761602396, 0.006992912087570471], [-0.0030345538555999626, -0.0019914769361471856, 0.00230944149444103, 0.019070360745705575, 0.0024277897093179716, 0.007362575830122758, -0.055113649333423574, 0.03157181731911761, -0.004585017174111549, 0.011228131835288101, -0.15686192203147856, 0.18187402285666746, 0.06537940438025967, -0.09061121698505423, -0.07389004365116306, 0.052191446613727134], [-0.028207227292176312, -0.009698752161698184, 0.004779831351717695, -0.004432706678343882, -0.02163795716472964, 0.0026125113602822343, 0.04538762517250148, -0.025140399804207857, -0.0036374647862833067, 0.05170166753016557, -0.15619087257412267, 0.06537940438025967, 0.1257878891857128, -0.05867323258721245, -0.043639146648111124, 0.013152977228224292], [0.07384476378006016, 0.009935086829855283, -0.019989711380265687, 0.007447711901726745, 0.02146861150992744, -0.02527661148631861, 0.0085788046818051, 5.108371091614946e-05, 0.037961431704485266, -0.013562592129054871, 0.0764287883349088, -0.09061121698505423, -0.05867323258721245, 0.11499424740787223, -0.0023445476982418808, -0.018581729371512222], [-0.08378189304008202, 0.0029834639466201416, 0.022382656362474163, -0.013446770696653737, -0.014143928519488043, -0.006545572938269885, 0.048123310599436454, -0.025719595128092784, -0.05136985090777562, 0.04662326495083493, 0.028828019761602396, -0.07389004365116306, -0.043639146648111124, -0.0023445476982418808, 0.1458893822206511, -0.08072648172442982], [0.031419444633296524, -0.0035866911004235015, -0.01391175233636172, 0.01129396846425519, 0.005428901355414948, 0.01378554405126325, -0.044841739331207074, 0.02206244547893998, 0.01944521671612808, -0.04289928744306179, 0.006992912087570471, 0.052191446613727134, 0.013152977228224292, -0.018581729371512222, -0.08072648172442982, 0.05451886257677873]]], "B_list": [{"B_d": [[3.6868812544849435e-06], [5.659347882197657e-07], [2.44215854986582e-07]], "B_theta": [8.012503930384948e-08], "B_const": [0.00022187047598324068]}, {"B_d": [[3.7236305440161708e-06], [1.856055278156609e-07], [2.2867332556142648e-08]], "B_theta": [9.33589176762841e-09], "B_const": [2.3179417098580415e-05]}, {"B_d": [[1.5716104826011048e-06], [5.772649000857373e-09], [6.7662170104561905e-09]], "B_theta": [2.821982352664146e-09], "B_const": [6.211148818867861e-06]}, {"B_d": [[6.593533265780381e-07], [8.109165096539453e-09], [4.111786211508117e-09]], "B_theta": [1.8434998173407152e-09], "B_const": [3.4129612581984302e-06]}, {"B_d": [[3.5872033988341014e-07], [1.2166518250675643e-08], [3.3693966455564814e-09]], "B_theta": [1.3248997864492544e-09], "B_const": [2.6204876853957857e-06]}, {"B_d": [[2.6184253066291365e-07], [4.7227927011966303e-08], [2.513868996437935e-09]], "B_theta": [2.4381346817489434e-09], "B_const": [2.136509274509776e-06]}, {"B_d": [[4.2292579811517747e-07], [2.9330838001630755e-08], [2.8215810975883707e-09]], "B_theta": [2.3492645182905945e-09], "B_const": [2.1091946609799927e-06]}, {"B_d": [[2.324865362178562e-08], [4.37027838988195e-09], [4.179405475082717e-09]], "B_theta": [1.4429783637745784e-09], "B_const": [2.2923757137199096e-06]}], "bic_scores": [-35.213531924935026, -42.5049377072084, -37.17682311234927, -22.22433087664629, -1.0961997114968085, 25.311427981047103, 56.4324667779869, 92.02917370725163], "best_bic": -42.5049377072084, "best_bic_A": [[0.8513308647967831, -0.014445496730889932, 0.023426001192383434, 0.001917725226878774], [-0.014445496730889932, 0.016870038128307747, -0.004089881681947652, 0.0022195137077427717], [0.023426001192383434, -0.004089881681947652, 0.8719609063781766, -0.010683086402595751], [0.001917725226878774, 0.0022195137077427717, -0.010683086402595751, 0.01798727678354877]], "best_bic_B": {"B_d": [[3.7236305440161708e-06], [1.856055278156609e-07], [2.2867332556142648e-08]], "B_theta": [9.33589176762841e-09], "B_const": [2.3179417098580415e-05]}, "best_bic_deg": 2, "best_bic_deg_idx": 1, "aic_scores": [-36.42387229691121, -44.77432590466374, -41.110429321271866, -28.42732528302423, -10.17375250131819, 12.754146621794192, 39.790286663314376, 70.6969246511714], "best_aic": -44.77432590466374, "best_aic_A": [[0.8513308647967831, -0.014445496730889932, 0.023426001192383434, 0.001917725226878774], [-0.014445496730889932, 0.016870038128307747, -0.004089881681947652, 0.0022195137077427717], [0.023426001192383434, -0.004089881681947652, 0.8719609063781766, -0.010683086402595751], [0.001917725226878774, 0.0022195137077427717, -0.010683086402595751, 0.01798727678354877]], "best_aic_B": {"B_d": [[3.7236305440161708e-06], [1.856055278156609e-07], [2.2867332556142648e-08]], "B_theta": [9.33589176762841e-09], "B_const": [2.3179417098580415e-05]}, "best_aic_deg": 2, "best_aic_deg_idx": 1, "lr": [{"class_name": "PiecewiseConstantDecay", "config": {"boundaries": [3240], "values": [0.005, 0.005], "name": null}}, {"class_name": "PiecewiseConstantDecay", "config": {"boundaries": [3240], "values": [0.005, 0.005], "name": null}}, {"class_name": "PiecewiseConstantDecay", "config": {"boundaries": [3240], "values": [0.005, 0.005], "name": null}}, {"class_name": "PiecewiseConstantDecay", "config": {"boundaries": [3240], "values": [0.005, 0.005], "name": null}}, {"class_name": "PiecewiseConstantDecay", "config": {"boundaries": [3240], "values": [0.005, 0.005], "name": null}}, {"class_name": "PiecewiseConstantDecay", "config": {"boundaries": [3240], "values": [0.005, 0.005], "name": null}}, {"class_name": "PiecewiseConstantDecay", "config": {"boundaries": [3240], "values": [0.005, 0.005], "name": null}}, {"class_name": "PiecewiseConstantDecay", "config": {"boundaries": [3240], "values": [0.005, 0.005], "name": null}}], "optimizer": [{"class_name": "Adam", "config": {"name": "Adam", "learning_rate": 0.002, "decay": 0.0, "beta_1": 0.9, "beta_2": 0.999, "epsilon": 1e-07, "amsgrad": false}}, {"class_name": "Adam", "config": {"name": "Adam", "learning_rate": 0.002, "decay": 0.0, "beta_1": 0.9, "beta_2": 0.999, "epsilon": 1e-07, "amsgrad": false}}, {"class_name": "Adam", "config": {"name": "Adam", "learning_rate": 0.002, "decay": 0.0, "beta_1": 0.9, "beta_2": 0.999, "epsilon": 1e-07, "amsgrad": false}}, {"class_name": "Adam", "config": {"name": "Adam", "learning_rate": 0.002, "decay": 0.0, "beta_1": 0.9, "beta_2": 0.999, "epsilon": 1e-07, "amsgrad": false}}, {"class_name": "Adam", "config": {"name": "Adam", "learning_rate": 0.002, "decay": 0.0, "beta_1": 0.9, "beta_2": 0.999, "epsilon": 1e-07, "amsgrad": false}}, {"class_name": "Adam", "config": {"name": "Adam", "learning_rate": 0.002, "decay": 0.0, "beta_1": 0.9, "beta_2": 0.999, "epsilon": 1e-07, "amsgrad": false}}, {"class_name": "Adam", "config": {"name": "Adam", "learning_rate": 0.002, "decay": 0.0, "beta_1": 0.9, "beta_2": 0.999, "epsilon": 1e-07, "amsgrad": false}}, {"class_name": "Adam", "config": {"name": "Adam", "learning_rate": 0.002, "decay": 0.0, "beta_1": 0.9, "beta_2": 0.999, "epsilon": 1e-07, "amsgrad": false}}], "epochs": 150, "best_epochs": [149, 149, 147, 143, 149, 136, 141, 142], "batch_size": 128}