{"degree": [1, 2, 3, 4, 5, 6, 7, 8], "losses": [52.56268101481272, -57.43349376161021, -105.5951737385821, -121.14760744539107, -126.91787230788056, -128.01530308173383, -129.78748979604413, -130.01139428630395], "A_list": [[[39.91834725981188, -0.7982141757890215], [-0.7982141757890215, 41.74715927404397]], [[39.475591269391714, -0.22529328455403488, -1.241459984147287, 0.1505042683346233], [-0.22529328455403488, 0.2296601014740306, -0.18541350600944628, 0.0023026128163664817], [-1.241459984147287, -0.18541350600944628, 40.646460048686784, -0.3514298596590205], [0.1505042683346233, 0.0023026128163664817, -0.3514298596590205, 0.2497729199049532]], [[39.871671983831156, -0.0637994132169014, -0.055516960908663496, -1.2318392165174488, 0.2019751078040927, -0.011947892910958371], [-0.0637994132169014, 0.3707737266212075, -0.03232042009235971, -0.19803185273034213, 0.00412217604917929, 0.003876690826916987], [-0.055516960908663496, -0.03232042009235971, 0.007453515378193874, 0.006271527025044108, -0.003836153806061107, -7.203356123324477e-05], [-1.2318392165174488, -0.19803185273034213, 0.006271527025044108, 43.30478163502223, -0.11022015333336722, -0.06517435129377067], [0.2019751078040927, 0.00412217604917929, -0.003836153806061107, -0.11022015333336722, 0.40895432339523446, -0.03485998453057582], [-0.011947892910958371, 0.003876690826916987, -7.203356123324477e-05, -0.06517435129377067, -0.03485998453057582, 0.007886624805671994]], [[39.889315664229414, 0.04990448635379918, -0.08352921184058697, 0.006833183997136597, -1.2331834730799076, 0.17408614121424248, -0.004306766108428379, -0.001419460858675029], [0.04990448635379918, 0.41817671723852073, -0.08720787883971053, 0.009142352580652982, -0.19129722652827072, 0.0008609670293298589, 0.0066885045606553005, -0.0007632683179228477], [-0.08352921184058697, -0.08720787883971053, 0.05434817721956461, -0.007962829110459035, -0.007506272374500021, -0.005935082376589449, -0.0001665961324784717, 0.0002803228370423207], [0.006833183997136597, 0.009142352580652982, -0.007962829110459035, 0.0013545076900746682, 0.002613469995442698, 0.00043812848335145584, -6.065255307629983e-05, -2.9583010298846707e-05], [-1.2331834730799076, -0.19129722652827072, -0.007506272374500021, 0.002613469995442698, 43.22108257182004, -0.0034964091572713646, -0.10962404762627763, 0.007962441119967512], [0.17408614121424248, 0.0008609670293298589, -0.005935082376589449, 0.00043812848335145584, -0.0034964091572713646, 0.4490622305695012, -0.09174211120874934, 0.009265144420807371], [-0.004306766108428379, 0.0066885045606553005, -0.0001665961324784717, -6.065255307629983e-05, -0.10962404762627763, -0.09174211120874934, 0.0576448656005342, -0.008386802440017467], [-0.001419460858675029, -0.0007632683179228477, 0.0002803228370423207, -2.9583010298846707e-05, 0.007962441119967512, 0.009265144420807371, -0.008386802440017467, 0.0014211644539094512]], [[39.75887559231837, 0.003329514095365431, -0.055937475131965966, -0.006468850682242072, 0.001590358801802677, -1.214063938059727, 0.17515771869988364, -0.004238592595551891, -0.0004504102991430331, 5.761573962422147e-05], [0.003329514095365431, 0.5513982097125442, -0.26056688272922335, 0.08136971698543091, -0.00961936009258317, -0.17454233997002727, -0.005016667636100672, 0.01073878465147004, -0.002542486902530166, 0.00020194390859308743], [-0.055937475131965966, -0.26056688272922335, 0.26770724756479414, -0.09579280698820303, 0.01179066400263977, -0.012283764116041002, -0.001384029165792592, -0.004703432626548543, 0.002248118427684458, -0.0002688369213661502], [-0.006468850682242072, 0.08136971698543091, -0.09579280698820303, 0.03746026150036432, -0.004857433732146311, 0.0035446294502060106, -0.0006602690467711127, 0.0013038733122407384, -0.00069934640571711, 9.00154416103279e-05], [0.001590358801802677, -0.00961936009258317, 0.01179066400263977, -0.004857433732146311, 0.0006539962329387296, -6.700306503823819e-05, 6.540064471448542e-05, -9.288482742125033e-05, 5.810065532987421e-05, -7.638365897285983e-06], [-1.214063938059727, -0.17454233997002727, -0.012283764116041002, 0.0035446294502060106, -6.700306503823819e-05, 43.170763268925974, -0.03768264816162953, -0.06800800702515883, -0.007122790239717401, 0.002200125844716397], [0.17515771869988364, -0.005016667636100672, -0.001384029165792592, -0.0006602690467711127, 6.540064471448542e-05, -0.03768264816162953, 0.6009398901204476, -0.287199583815026, 0.09092143895925242, -0.010863675686230184], [-0.004238592595551891, 0.01073878465147004, -0.004703432626548543, 0.0013038733122407384, -9.288482742125033e-05, -0.06800800702515883, -0.287199583815026, 0.2969853323375734, -0.10700520610046271, 0.013210402951230868], [-0.0004504102991430331, -0.002542486902530166, 0.002248118427684458, -0.00069934640571711, 5.810065532987421e-05, -0.007122790239717401, 0.09092143895925242, -0.10700520610046271, 0.04191294295099725, -0.005439250271075648], [5.761573962422147e-05, 0.00020194390859308743, -0.0002688369213661502, 9.00154416103279e-05, -7.638365897285983e-06, 0.002200125844716397, -0.010863675686230184, 0.013210402951230868, -0.005439250271075648, 0.0007330233132570964]], [[39.996636401809845, 0.04635553152038208, -0.08215047741865308, 0.005112200507818718, -0.00022054502772969546, 0.00016159775706457022, -1.3327003894555687, 0.16841475650833204, -0.0037651582728791336, -0.0009486046421720851, -0.0002481039239153743, 2.262910732308762e-05], [0.04635553152038208, 0.45100129769454456, -0.14398843098738168, 0.02425402883391544, 0.003825002787558245, -0.0012738984043283112, -0.17027477072217023, -0.004398604662092378, 0.015553524902669034, -0.006133888508032171, 0.001450228346679184, -0.00012610486706292006], [-0.08215047741865308, -0.14398843098738168, 0.1443294181907889, -0.04446470872551465, 0.0024448641571787667, 0.000613618949809402, -0.01010761365108314, 0.0052258697020741976, -0.013202640280208058, 0.008298914290582514, -0.0023149512504478972, 0.00023784363595835944], [0.005112200507818718, 0.02425402883391544, -0.04446470872551465, 0.02406593395849737, -0.005059680772012867, 0.0003329937209469897, 0.0031934479525677407, -0.004866017619227297, 0.0072329339412761234, -0.0050272627831539195, 0.0015282490215216167, -0.00016935221376692926], [-0.00022054502772969546, 0.003825002787558245, 0.0024448641571787667, -0.005059680772012867, 0.0020276961238282084, -0.00025042375700566063, 8.807741402224705e-05, 0.0012885816220980586, -0.0018733386095272071, 0.0013671393145284739, -0.0004393634413458176, 5.143120643741233e-05], [0.00016159775706457022, -0.0012738984043283112, 0.000613618949809402, 0.0003329937209469897, -0.00025042375700566063, 3.8993410572515545e-05, -3.604450226639424e-05, -0.00010273078980017279, 0.00017599261701159295, -0.00013818092558525816, 4.6871389741694036e-05, -5.760392629923327e-06], [-1.3327003894555687, -0.17027477072217023, -0.01010761365108314, 0.0031934479525677407, 8.807741402224705e-05, -3.604450226639424e-05, 43.060679834927726, -0.009488176650442234, -0.09442791949891993, 0.0003070407841584688, 0.00047755440192806184, 0.00016644418468799902], [0.16841475650833204, -0.004398604662092378, 0.0052258697020741976, -0.004866017619227297, 0.0012885816220980586, -0.00010273078980017279, -0.009488176650442234, 0.49442443958842947, -0.17004903779149183, 0.03526758396912652, 0.001716817064847805, -0.0011475419189973556], [-0.0037651582728791336, 0.015553524902669034, -0.013202640280208058, 0.0072329339412761234, -0.0018733386095272071, 0.00017599261701159295, -0.09442791949891993, -0.17004903779149183, 0.181821530575303, -0.06388506263515416, 0.006954935862419296, 0.0002277446675998735], [-0.0009486046421720851, -0.006133888508032171, 0.008298914290582514, -0.0050272627831539195, 0.0013671393145284739, -0.00013818092558525816, 0.0003070407841584688, 0.03526758396912652, -0.06388506263515416, 0.03607655155172598, -0.008399883356426299, 0.0006793671453444951], [-0.0002481039239153743, 0.001450228346679184, -0.0023149512504478972, 0.0015282490215216167, -0.0004393634413458176, 4.6871389741694036e-05, 0.00047755440192806184, 0.001716817064847805, 0.006954935862419296, -0.008399883356426299, 0.0031054328970157533, -0.0003760261950862975], [2.262910732308762e-05, -0.00012610486706292006, 0.00023784363595835944, -0.00016935221376692926, 5.143120643741233e-05, -5.760392629923327e-06, 0.00016644418468799902, -0.0011475419189973556, 0.0002277446675998735, 0.0006793671453444951, -0.0003760261950862975, 5.4778373976278666e-05]], [[39.73110141201751, 0.054012576771500585, -0.06266651256214266, -0.005858516298688802, 0.0017880751581230727, 0.00042206052848316265, -0.0001022323874789366, -1.1653201960392094, 0.14703486195881088, 0.027564417226241728, -0.02603108954967287, 0.011045835233635996, -0.0026394497594575124, 0.0002601043126004401], [0.054012576771500585, 0.5208078242656118, -0.24785076451740798, 0.0768246581573235, -6.346573723554533e-06, -0.004932192362610257, 0.000718061682539586, -0.18347704097553758, -0.0034929121865896057, 0.013881523721501143, -0.0053735105651154, 0.0005696453633932048, 0.00023504576710481752, -5.077517495609582e-05], [-0.06266651256214266, -0.24785076451740798, 0.2902756839513776, -0.1140665161476994, 0.004193397289160369, 0.007030801479446115, -0.001164719627999594, -0.002890379613501578, 0.0015375097204702731, -0.0107728591654149, 0.0065256060145033115, -0.0008948080430452323, -0.0002939626465124155, 6.946577068071976e-05], [-0.005858516298688802, 0.0768246581573235, -0.1140665161476994, 0.05377922097769631, -0.0035510298828483468, -0.0033798120771248805, 0.0006250312211390983, -0.0009979211940820151, -0.0014280195702320725, 0.0035101081248916297, -0.0026858601543069474, 0.0004705957035914918, 0.00012026595807083994, -3.2893954832286884e-05], [0.0017880751581230727, -6.346573723554533e-06, 0.004193397289160369, -0.0035510298828483468, 0.0005498055377696477, 0.00022875777424190603, -5.65310768689101e-05, 0.0010880992454457812, -0.001055102732394532, 0.0006631914397488771, -1.163063994982544e-05, -6.096430327635593e-05, 4.529091993352071e-06, 1.71669422538021e-06], [0.00042206052848316265, -0.004932192362610257, 0.007030801479446115, -0.0033798120771248805, 0.00022875777424190603, 0.00021633136119422473, -4.017144812863399e-05, -0.00018610873114919673, 0.0006061037395331641, -0.0005945994270642194, 0.00024878165422541993, -2.1204216091577e-05, -1.2142370976593694e-05, 2.3441129322560793e-06], [-0.0001022323874789366, 0.000718061682539586, -0.001164719627999594, 0.0006250312211390983, -5.65310768689101e-05, -4.017144812863399e-05, 8.124571641157821e-06, -9.104510105238728e-07, -8.181927887940965e-05, 8.671409989991939e-05, -4.175751836728146e-05, 5.135674709812989e-06, 1.8968096647685533e-06, -4.350930060416524e-07], [-1.1653201960392094, -0.18347704097553758, -0.002890379613501578, -0.0009979211940820151, 0.0010880992454457812, -0.00018610873114919673, -9.104510105238728e-07, 43.197791378722435, -0.016322986517546934, -0.0744193399580717, -0.004862526485884977, -0.0019465382535881408, 0.0019526823046531595, -0.00026237573379102856], [0.14703486195881088, -0.0034929121865896057, 0.0015375097204702731, -0.0014280195702320725, -0.001055102732394532, 0.0006061037395331641, -8.181927887940965e-05, -0.016322986517546934, 0.5698628795785199, -0.27404723870984876, 0.08654784628255066, -0.0013169064830443069, -0.0050358549468959716, 0.0007429079993948313], [0.027564417226241728, 0.013881523721501143, -0.0107728591654149, 0.0035101081248916297, 0.0006631914397488771, -0.0005945994270642194, 8.671409989991939e-05, -0.0744193399580717, -0.27404723870984876, 0.32285772736396234, -0.1272929070798415, 0.005417013470679817, 0.007504124006748691, -0.0012563363666820585], [-0.02603108954967287, -0.0053735105651154, 0.0065256060145033115, -0.0026858601543069474, -1.163063994982544e-05, 0.00024878165422541993, -4.175751836728146e-05, -0.004862526485884977, 0.08654784628255066, -0.1272929070798415, 0.06007064299855382, -0.0042824184580142755, -0.0036343749766871688, 0.0006815636330359293], [0.011045835233635996, 0.0005696453633932048, -0.0008948080430452323, 0.0004705957035914918, -6.096430327635593e-05, -2.1204216091577e-05, 5.135674709812989e-06, -0.0019465382535881408, -0.0013169064830443069, 0.005417013470679817, -0.0042824184580142755, 0.0006386284163408936, 0.00027295262413733776, -6.636627063670541e-05], [-0.0026394497594575124, 0.00023504576710481752, -0.0002939626465124155, 0.00012026595807083994, 4.529091993352071e-06, -1.2142370976593694e-05, 1.8968096647685533e-06, 0.0019526823046531595, -0.0050358549468959716, 0.007504124006748691, -0.0036343749766871688, 0.00027295262413733776, 0.00022329544873648526, -4.242593511482496e-05], [0.0002601043126004401, -5.077517495609582e-05, 6.946577068071976e-05, -3.2893954832286884e-05, 1.71669422538021e-06, 2.3441129322560793e-06, -4.350930060416524e-07, -0.00026237573379102856, 0.0007429079993948313, -0.0012563363666820585, 0.0006815636330359293, -6.636627063670541e-05, -4.242593511482496e-05, 8.777802143936385e-06]], [[39.83532218384555, 0.0355567188789821, -0.06552087768678777, -0.002865034647757299, 0.00027046279568773484, 0.0005456022075866876, 4.915623862000572e-05, -1.7461062502126746e-05, -1.2458149508145226, 0.16874906275253526, 0.0054492100706536005, -0.004434369672682879, -0.0006024480110624793, 0.00012255124783751417, 8.347209221235276e-05, -1.9855966104501102e-05], [0.0355567188789821, 0.5347041659872792, -0.2498834616158957, 0.06082902678582885, 0.008182278340029778, -0.0032533155936329615, -0.0010573622160687454, 0.00028552706094630626, -0.18664218466780702, -0.0034890770464797555, 0.010996794095894621, -0.002505310127154707, -0.0005008671400804537, 0.00014422997452209754, 6.742059863555335e-05, -1.9208341151070822e-05], [-0.06552087768678777, -0.2498834616158957, 0.2714312274666731, -0.08414538436545262, -0.0069665235877642276, 0.004384229224134159, 0.001152987498768621, -0.0003551308561639412, -0.007672864388186544, 0.0014601570057776593, -0.005897575798838888, 0.002061461117868374, 0.0006582571489508938, -0.00024103964996461747, -4.4781754087805495e-05, 1.713727694370606e-05], [-0.002865034647757299, 0.06082902678582885, -0.08414538436545262, 0.03213083291196456, 0.001270436413326012, -0.0017233852101566779, -0.00036120125523281385, 0.00013236099052426405, 0.0022290379427089765, -0.002275754894330829, 0.0020817893111000556, -0.0008762839446914403, -0.00015399314932149644, 7.965300877874416e-05, 1.4994540974459538e-05, -6.305955526879137e-06], [0.00027046279568773484, 0.008182278340029778, -0.0069665235877642276, 0.001270436413326012, 0.00040219880734264406, -6.248282524012533e-05, -3.5418532611257905e-05, 6.254903033413063e-06, 0.0005811279711709612, -8.365684246100944e-05, 7.42452609150381e-05, -8.724210495582477e-06, -3.1569899225523066e-05, 8.264973598456274e-06, 1.4019320208462634e-06, -4.353362317104496e-07], [0.0005456022075866876, -0.0032533155936329615, 0.004384229224134159, -0.0017233852101566779, -6.248282524012533e-05, 9.384282129901128e-05, 1.930726799649091e-05, -7.18070625518721e-06, -0.0010736310323678933, 0.0001912944696487129, -0.00011211409114075791, 5.061451123562166e-05, 8.557467166626873e-06, -4.548987403497194e-06, -9.914699307356307e-07, 3.820975093053961e-07], [4.915623862000572e-05, -0.0010573622160687454, 0.001152987498768621, -0.00036120125523281385, -3.5418532611257905e-05, 1.930726799649091e-05, 5.440022351838155e-06, -1.5816453689846574e-06, 0.0004234709243098913, -1.2515353165441185e-06, -1.1475053556380846e-05, 2.8199684201782046e-06, 2.699286830067933e-06, -8.242809883929792e-07, -1.261748714377263e-07, 5.405359520158528e-08], [-1.7461062502126746e-05, 0.00028552706094630626, -0.0003551308561639412, 0.00013236099052426405, 6.254903033413063e-06, -7.18070625518721e-06, -1.5816453689846574e-06, 5.589167046017569e-07, -5.84018485303504e-05, -7.047707257682762e-06, 6.966197000937649e-06, -2.955211217584247e-06, -5.973591582368338e-07, 2.9981891321798083e-07, 5.620789251113682e-08, -2.4248657725638145e-08], [-1.2458149508145226, -0.18664218466780702, -0.007672864388186544, 0.0022290379427089765, 0.0005811279711709612, -0.0010736310323678933, 0.0004234709243098913, -5.84018485303504e-05, 43.29003877155368, -0.0480802871613432, -0.05162104432516169, -0.014645281836851915, -5.699051397839261e-05, 0.0013068931248198423, 7.56204045678382e-05, -4.6299156087012644e-05], [0.16874906275253526, -0.0034890770464797555, 0.0014601570057776593, -0.002275754894330829, -8.365684246100944e-05, 0.0001912944696487129, -1.2515353165441185e-06, -7.047707257682762e-06, -0.0480802871613432, 0.5667825240913311, -0.2589956045464763, 0.06018080846298235, 0.01007756046487284, -0.0034561702988381163, -0.0012155097723414677, 0.0003167076142417294], [0.0054492100706536005, 0.010996794095894621, -0.005897575798838888, 0.0020817893111000556, 7.42452609150381e-05, -0.00011211409114075791, -1.1475053556380846e-05, 6.966197000937649e-06, -0.05162104432516169, -0.2589956045464763, 0.2827447343452729, -0.08512186212547956, -0.00859893605893794, 0.004606530102750871, 0.0013099845946803745, -0.00038737056501945126], [-0.004434369672682879, -0.002505310127154707, 0.002061461117868374, -0.0008762839446914403, -8.724210495582477e-06, 5.061451123562166e-05, 2.8199684201782046e-06, -2.955211217584247e-06, -0.014645281836851915, 0.06018080846298235, -0.08512186212547956, 0.032262346395542124, 0.0015646346444561155, -0.0017696184785530417, -0.00040089550962206467, 0.00014123034346600323], [-0.0006024480110624793, -0.0005008671400804537, 0.0006582571489508938, -0.00015399314932149644, -3.1569899225523066e-05, 8.557467166626873e-06, 2.699286830067933e-06, -5.973591582368338e-07, -5.699051397839261e-05, 0.01007756046487284, -0.00859893605893794, 0.0015646346444561155, 0.0005086501821630328, -8.341253455645676e-05, -4.579626083039987e-05, 8.52594666857087e-06], [0.00012255124783751417, 0.00014422997452209754, -0.00024103964996461747, 7.965300877874416e-05, 8.264973598456274e-06, -4.548987403497194e-06, -8.242809883929792e-07, 2.9981891321798083e-07, 0.0013068931248198423, -0.0034561702988381163, 0.004606530102750871, -0.0017696184785530417, -8.341253455645676e-05, 9.905711459139494e-05, 2.2114501441541347e-05, -7.886436295345455e-06], [8.347209221235276e-05, 6.742059863555335e-05, -4.4781754087805495e-05, 1.4994540974459538e-05, 1.4019320208462634e-06, -9.914699307356307e-07, -1.261748714377263e-07, 5.620789251113682e-08, 7.56204045678382e-05, -0.0012155097723414677, 0.0013099845946803745, -0.00040089550962206467, -4.579626083039987e-05, 2.2114501441541347e-05, 6.678848845389725e-06, -1.8843256972886058e-06], [-1.9855966104501102e-05, -1.9208341151070822e-05, 1.713727694370606e-05, -6.305955526879137e-06, -4.353362317104496e-07, 3.820975093053961e-07, 5.405359520158528e-08, -2.4248657725638145e-08, -4.6299156087012644e-05, 0.0003167076142417294, -0.00038737056501945126, 0.00014123034346600323, 8.52594666857087e-06, -7.886436295345455e-06, -1.8843256972886058e-06, 6.375462099859744e-07]]], "B_list": [{"B_lon": [[0.350728798712126], [1.0923072049646177e-05], [2.1192406174294964e-07]], "B_lat": [[0.05841278747288488], [0.014492117747481626], [2.023858461200183e-06]]}, {"B_lon": [[0.005711798071022039], [1.6534645244737963e-06], [8.513767805901589e-07]], "B_lat": [[0.0017197538540807199], [0.00024407395192011509], [1.0435488579516714e-08]]}, {"B_lon": [[0.0007169413725034884], [1.685885386379524e-07], [8.954819432262789e-07]], "B_lat": [[0.00018744477538451773], [3.555080487043628e-05], [2.700508169093482e-07]]}, {"B_lon": [[0.00030381196519632106], [1.4928618482431532e-07], [6.767742630715433e-07]], "B_lat": [[9.500354325405773e-05], [7.86207233567939e-06], [6.261267358298236e-07]]}, {"B_lon": [[0.0002037448742507915], [9.611892742648351e-08], [5.525866343969762e-07]], "B_lat": [[7.407939693941941e-05], [3.0550329638312546e-06], [5.986349264217447e-07]]}, {"B_lon": [[0.00019234722616484412], [1.6108985195213166e-08], [5.438523762901373e-07]], "B_lat": [[6.900765044214174e-05], [1.6601004991536766e-06], [6.316605575801226e-07]]}, {"B_lon": [[0.0001701076301411068], [4.3763872244212793e-08], [5.044544745319707e-07]], "B_lat": [[6.167496390538226e-05], [2.1021495542863074e-06], [5.311944433782365e-07]]}, {"B_lon": [[0.00016258890169626084], [9.78207407342188e-08], [4.7478092871985894e-07]], "B_lat": [[6.068540873639466e-05], [2.0801078845299216e-06], [5.223476001237332e-07]]}], "bic_scores": [68.01562343499587, -29.961596125729038, -59.23634647803263, -49.033876151203, -22.181262571083593, 16.21215950664231, 60.79880005288149, 113.80169723214144], "best_bic": -59.23634647803263, "best_bic_A": [[39.871671983831156, -0.0637994132169014, -0.055516960908663496, -1.2318392165174488, 0.2019751078040927, -0.011947892910958371], [-0.0637994132169014, 0.3707737266212075, -0.03232042009235971, -0.19803185273034213, 0.00412217604917929, 0.003876690826916987], [-0.055516960908663496, -0.03232042009235971, 0.007453515378193874, 0.006271527025044108, -0.003836153806061107, -7.203356123324477e-05], [-1.2318392165174488, -0.19803185273034213, 0.006271527025044108, 43.30478163502223, -0.11022015333336722, -0.06517435129377067], [0.2019751078040927, 0.00412217604917929, -0.003836153806061107, -0.11022015333336722, 0.40895432339523446, -0.03485998453057582], [-0.011947892910958371, 0.003876690826916987, -7.203356123324477e-05, -0.06517435129377067, -0.03485998453057582, 0.007886624805671994]], "best_bic_B": {"B_lon": [[0.0007169413725034884], [1.685885386379524e-07], [8.954819432262789e-07]], "B_lat": [[0.00018744477538451773], [3.555080487043628e-05], [2.700508169093482e-07]]}, "best_bic_deg": 3, "best_bic_deg_idx": 2, "aic_scores": [61.56268101481272, -41.43349376161021, -78.5951737385821, -79.14760744539107, -65.91787230788056, -44.01530308173383, -18.787489796044127, 11.988605713696046], "best_aic": -79.14760744539107, "best_aic_A": [[39.889315664229414, 0.04990448635379918, -0.08352921184058697, 0.006833183997136597, -1.2331834730799076, 0.17408614121424248, -0.004306766108428379, -0.001419460858675029], [0.04990448635379918, 0.41817671723852073, -0.08720787883971053, 0.009142352580652982, -0.19129722652827072, 0.0008609670293298589, 0.0066885045606553005, -0.0007632683179228477], [-0.08352921184058697, -0.08720787883971053, 0.05434817721956461, -0.007962829110459035, -0.007506272374500021, -0.005935082376589449, -0.0001665961324784717, 0.0002803228370423207], [0.006833183997136597, 0.009142352580652982, -0.007962829110459035, 0.0013545076900746682, 0.002613469995442698, 0.00043812848335145584, -6.065255307629983e-05, -2.9583010298846707e-05], [-1.2331834730799076, -0.19129722652827072, -0.007506272374500021, 0.002613469995442698, 43.22108257182004, -0.0034964091572713646, -0.10962404762627763, 0.007962441119967512], [0.17408614121424248, 0.0008609670293298589, -0.005935082376589449, 0.00043812848335145584, -0.0034964091572713646, 0.4490622305695012, -0.09174211120874934, 0.009265144420807371], [-0.004306766108428379, 0.0066885045606553005, -0.0001665961324784717, -6.065255307629983e-05, -0.10962404762627763, -0.09174211120874934, 0.0576448656005342, -0.008386802440017467], [-0.001419460858675029, -0.0007632683179228477, 0.0002803228370423207, -2.9583010298846707e-05, 0.007962441119967512, 0.009265144420807371, -0.008386802440017467, 0.0014211644539094512]], "best_aic_B": {"B_lon": [[0.00030381196519632106], [1.4928618482431532e-07], [6.767742630715433e-07]], "B_lat": [[9.500354325405773e-05], [7.86207233567939e-06], [6.261267358298236e-07]]}, "best_aic_deg": 4, "best_aic_deg_idx": 3, "lr": 0.005, "optimizer": [{"class_name": "Adam", "config": {"name": "Adam", "learning_rate": 0.005, "decay": 0.0, "beta_1": 0.9, "beta_2": 0.999, "epsilon": 1e-07, "amsgrad": false}}, {"class_name": "Adam", "config": {"name": "Adam", "learning_rate": 0.005, "decay": 0.0, "beta_1": 0.9, "beta_2": 0.999, "epsilon": 1e-07, "amsgrad": false}}, {"class_name": "Adam", "config": {"name": "Adam", "learning_rate": 0.005, "decay": 0.0, "beta_1": 0.9, "beta_2": 0.999, "epsilon": 1e-07, "amsgrad": false}}, {"class_name": "Adam", "config": {"name": "Adam", "learning_rate": 0.005, "decay": 0.0, "beta_1": 0.9, "beta_2": 0.999, "epsilon": 1e-07, "amsgrad": false}}, {"class_name": "Adam", "config": {"name": "Adam", "learning_rate": 0.005, "decay": 0.0, "beta_1": 0.9, "beta_2": 0.999, "epsilon": 1e-07, "amsgrad": false}}, {"class_name": "Adam", "config": {"name": "Adam", "learning_rate": 0.005, "decay": 0.0, "beta_1": 0.9, "beta_2": 0.999, "epsilon": 1e-07, "amsgrad": false}}, {"class_name": "Adam", "config": {"name": "Adam", "learning_rate": 0.005, "decay": 0.0, "beta_1": 0.9, "beta_2": 0.999, "epsilon": 1e-07, "amsgrad": false}}, {"class_name": "Adam", "config": {"name": "Adam", "learning_rate": 0.005, "decay": 0.0, "beta_1": 0.9, "beta_2": 0.999, "epsilon": 1e-07, "amsgrad": false}}], "epochs": 50, "best_epochs": [49, 49, 44, 47, 46, 49, 49, 49], "batch_size": 1024}