{"degree": [1, 2, 3, 4, 5, 6, 7, 8], "losses": [108.71067350052842, -30.741859765000186, -107.73992250574787, -144.76151876451473, -160.4033961266262, -165.9946126959374, -167.6966427182276, -167.96567417190136], "A_list": [[[19.545306996979456, -0.0252424096327362], [-0.0252424096327362, 28.0853288394575]], [[33.77332916997279, -0.35099558859603586, -0.8461520159064243, 0.12337517327539664], [-0.35099558859603586, 0.21117628202325336, -0.16678491471838827, 0.0015171246882765054], [-0.8461520159064243, -0.16678491471838827, 37.75125747419532, -0.4755766564755173], [0.12337517327539664, 0.0015171246882765054, -0.4755766564755173, 0.23171455215159112]], [[37.97083036223416, -0.2571353197408034, -0.026876716123628682, -1.048444090701856, 0.18866836415408375, -0.012665695858156103], [-0.2571353197408034, 0.38298213815777987, -0.03024493625090417, -0.2136941601226547, 0.004323658552371241, 0.003405357220503912], [-0.026876716123628682, -0.03024493625090417, 0.0051771220568799575, 0.009115875505093749, -0.003554645917362342, -9.924821742802928e-06], [-1.048444090701856, -0.2136941601226547, 0.009115875505093749, 40.5001995742553, -0.3446732835308397, -0.034449756463692305], [0.18866836415408375, 0.004323658552371241, -0.003554645917362342, -0.3446732835308397, 0.4245251988833504, -0.03285668100358994], [-0.012665695858156103, 0.003405357220503912, -9.924821742802928e-06, -0.034449756463692305, -0.03285668100358994, 0.005544986068658374]], [[38.37478081511346, -0.09885840876577992, -0.08393767414121384, 0.00736763348561576, -0.9239339395828986, 0.16922769670582646, -0.003969329480330677, -0.0009961965627622905], [-0.09885840876577992, 0.42441520242459835, -0.07325796010969278, 0.005416508778681572, -0.18027433847206958, 0.0007826040299990398, 0.007512263912055283, -0.0008076388785434636], [-0.08393767414121384, -0.07325796010969278, 0.035376992794451, -0.003864785711648259, -0.001495841746829028, -0.0059113359789077745, -0.00028521911539640843, 0.00014543255954445846], [0.00736763348561576, 0.005416508778681572, -0.003864785711648259, 0.000495928857403481, 0.0014074942971795063, 0.0005774024135887278, -7.858435311340419e-05, -4.33985951075488e-06], [-0.9239339395828986, -0.18027433847206958, -0.001495841746829028, 0.0014074942971795063, 40.07850174664488, -0.1707887567374291, -0.09531999501672238, 0.0073703212164393204], [0.16922769670582646, 0.0007826040299990398, -0.0059113359789077745, 0.0005774024135887278, -0.1707887567374291, 0.46469440691547464, -0.07869949052392343, 0.005808700413545033], [-0.003969329480330677, 0.007512263912055283, -0.00028521911539640843, -7.858435311340419e-05, -0.09531999501672238, -0.07869949052392343, 0.037701734682479345, -0.004142266742703202], [-0.0009961965627622905, -0.0008076388785434636, 0.00014543255954445846, -4.33985951075488e-06, 0.0073703212164393204, 0.005808700413545033, -0.004142266742703202, 0.0005348912161321866]], [[38.75047229859054, -0.08260831111257778, -0.07825327563700732, 0.0034502706162190025, 0.0003320740752667149, -1.1299698108543006, 0.1568745424631178, 0.004386353617334039, -0.003347979304221998, 0.00022735704025121032], [-0.08260831111257778, 0.46898306986129523, -0.1521029538555516, 0.032468363628199964, -0.0027442070726400205, -0.18321237101222868, -0.00019337869108613178, 0.006338559860021024, -0.0009950510198285338, 5.077216575307777e-05], [-0.07825327563700732, -0.1521029538555516, 0.12711116528199787, -0.033804988143409764, 0.0030535793212206623, -0.0036443946539075566, -0.004630926890082646, 0.0001310935210479573, 0.00032149443889934885, -3.516314785881414e-05], [0.0034502706162190025, 0.032468363628199964, -0.033804988143409764, 0.010199364969572, -0.0009908994524893706, 0.0021317958062448596, 0.0004061697991533417, -0.000327637459091948, -1.4237390164528728e-05, 5.780662825111078e-06], [0.0003320740752667149, -0.0027442070726400205, 0.0030535793212206623, -0.0009908994524893706, 0.00010111662987594608, -7.806466832305017e-05, -1.7798976009613012e-05, 4.801866670395427e-05, -5.542210960404551e-06, 8.078770429573975e-08], [-1.1299698108543006, -0.18321237101222868, -0.0036443946539075566, 0.0021317958062448596, -7.806466832305017e-05, 41.128168088275544, -0.12633327580545814, -0.11336301577642538, 0.01188957845402478, -0.0003181645343870522], [0.1568745424631178, -0.00019337869108613178, -0.004630926890082646, 0.0004061697991533417, -1.7798976009613012e-05, -0.12633327580545814, 0.5014529045959683, -0.15014430341233775, 0.03060454530415646, -0.0025251397008256597], [0.004386353617334039, 0.006338559860021024, 0.0001310935210479573, -0.000327637459091948, 4.801866670395427e-05, -0.11336301577642538, -0.15014430341233775, 0.12305631661400275, -0.032185994955911866, 0.00287195775578884], [-0.003347979304221998, -0.0009950510198285338, 0.00032149443889934885, -1.4237390164528728e-05, -5.542210960404551e-06, 0.01188957845402478, 0.03060454530415646, -0.032185994955911866, 0.009680924096534422, -0.0009376760507549699], [0.00022735704025121032, 5.077216575307777e-05, -3.516314785881414e-05, 5.780662825111078e-06, 8.078770429573975e-08, -0.0003181645343870522, -0.0025251397008256597, 0.00287195775578884, -0.0009376760507549699, 9.60447308888636e-05]], [[38.83756377294766, -0.07275818360942289, -0.07901174405271771, 0.00012600635328607058, 0.0016311037768155729, -0.0001375975013441731, -1.136251262792674, 0.15403131011907734, 0.00499614934750342, -0.0027017114592252584, 3.808450950227183e-05, 3.101133337595407e-05], [-0.07275818360942289, 0.43150939557872603, -0.13267062201134583, 0.0313293273679043, -0.003423689228286614, 8.289915524554187e-05, -0.1921111945419545, -0.0021447476238911694, 0.008969204968484404, -0.0014824808221371175, 0.00012639482454824668, -4.283134751000259e-06], [-0.07901174405271771, -0.13267062201134583, 0.12662225624981788, -0.042790215820487934, 0.0063489033225487945, -0.0003302164487424334, -0.002286835947984692, -0.0015193266827419347, -0.0030194434692428487, 0.0014268318499028282, -0.0002685599570073754, 1.936208208315245e-05], [0.00012600635328607058, 0.0313293273679043, -0.042790215820487934, 0.019615385453372356, -0.0038602043873284396, 0.0002771357883739744, 0.0012496153318743044, -0.0008049443862094075, 0.0007822769845052595, -0.00047214301609377357, 0.00011535482381616692, -1.0056798923730205e-05], [0.0016311037768155729, -0.003423689228286614, 0.0063489033225487945, -0.0038602043873284396, 0.0009364528677839172, -7.958451941903841e-05, 0.00025637877244726173, 0.000166135505775921, -0.00011434914078970184, 7.161135753650908e-05, -2.0382461928411607e-05, 2.024020104837678e-06], [-0.0001375975013441731, 8.289915524554187e-05, -0.0003302164487424334, 0.0002771357883739744, -7.958451941903841e-05, 7.541393299880484e-06, -3.1089452710117007e-05, -7.541774293020162e-06, 6.15214344325168e-06, -3.8973418329386015e-06, 1.2687139947150093e-06, -1.405806499085706e-07], [-1.136251262792674, -0.1921111945419545, -0.002286835947984692, 0.0012496153318743044, 0.00025637877244726173, -3.1089452710117007e-05, 42.21323115141213, -0.13593272517679802, -0.09698542019292193, 0.0020205961093880676, 0.0016271284111319946, -0.0001512464032922187], [0.15403131011907734, -0.0021447476238911694, -0.0015193266827419347, -0.0008049443862094075, 0.000166135505775921, -7.541774293020162e-06, -0.13593272517679802, 0.46698767964656673, -0.13518588715480284, 0.02989677508119272, -0.002873485164412989, 2.6981647525761124e-05], [0.00499614934750342, 0.008969204968484404, -0.0030194434692428487, 0.0007822769845052595, -0.00011434914078970184, 6.15214344325168e-06, -0.09698542019292193, -0.13518588715480284, 0.12650065882569866, -0.04148800141451781, 0.0058987967022442606, -0.0002873301291583471], [-0.0027017114592252584, -0.0014824808221371175, 0.0014268318499028282, -0.00047214301609377357, 7.161135753650908e-05, -3.8973418329386015e-06, 0.0020205961093880676, 0.02989677508119272, -0.04148800141451781, 0.018918839556674893, -0.0036922677401228757, 0.00026370388946361995], [3.808450950227183e-05, 0.00012639482454824668, -0.0002685599570073754, 0.00011535482381616692, -2.0382461928411607e-05, 1.2687139947150093e-06, 0.0016271284111319946, -0.002873485164412989, 0.0058987967022442606, -0.0036922677401228757, 0.0009069878948627349, -7.782608799858976e-05], [3.101133337595407e-05, -4.283134751000259e-06, 1.936208208315245e-05, -1.0056798923730205e-05, 2.024020104837678e-06, -1.405806499085706e-07, -0.0001512464032922187, 2.6981647525761124e-05, -0.0002873301291583471, 0.00026370388946361995, -7.782608799858976e-05, 7.481975623492001e-06]], [[38.86812038717537, -0.085855137942228, -0.07095374372468097, -0.0011615460952212123, 0.00030254037671023507, 0.0004139962274358418, -5.575613113773004e-05, -1.1684207570134602, 0.1742280301700866, -0.015451074534178266, 0.008653481275288269, -0.003803388212010554, 0.0007197137714949686, -4.990476758462157e-05], [-0.085855137942228, 0.46164273081508506, -0.16051110601528867, 0.0362467855308304, 0.0002837851989605307, -0.0014962767255880024, 0.00016880423264306745, -0.16106599699441512, -0.005150423048662896, 0.007588530731909945, -0.0010237548176359156, -5.7037430787593114e-05, 4.2499835386774256e-05, -4.491344105384578e-06], [-0.07095374372468097, -0.16051110601528867, 0.1504540409704866, -0.04391233875114008, 0.0007994912064505144, 0.0016546305680266947, -0.00020282913533331665, -0.033622123339351745, -0.0005849004617074437, -0.0020549067686697255, 0.0008516390291836966, -4.6505153149927706e-05, -2.845849259558734e-05, 3.735073750416234e-06], [-0.0011615460952212123, 0.0362467855308304, -0.04391233875114008, 0.015633706169963374, -0.0006603898990830875, -0.000589495850988565, 8.012373079967786e-05, 0.0193747179341643, -0.0012441296128313753, 0.00026872921879593265, -0.00015242845798268197, 1.5272521400387748e-06, 1.1698912554290014e-05, -1.4999062300938809e-06], [0.00030254037671023507, 0.0002837851989605307, 0.0007994912064505144, -0.0006603898990830875, 8.319074052134884e-05, 2.476941268619654e-05, -4.686576426189272e-06, -0.005647612342968863, 0.0004109794721586377, -1.983821451789853e-05, 4.436224902384242e-06, 4.109177866485547e-06, -2.2816191666561343e-06, 2.537532445830324e-07], [0.0004139962274358418, -0.0014962767255880024, 0.0016546305680266947, -0.000589495850988565, 2.476941268619654e-05, 2.2791636591444983e-05, -3.1000028491417603e-06, 0.0009703112712245051, -7.453530702035482e-05, 1.1548748135378021e-05, -3.807273855443706e-06, 2.3787085332023343e-07, 7.738774369591952e-08, -9.194391202425183e-09], [-5.575613113773004e-05, 0.00016880423264306745, -0.00020282913533331665, 8.012373079967786e-05, -4.686576426189272e-06, -3.1000028491417603e-06, 4.549974527539521e-07, -6.989524896477735e-05, 6.944910684662687e-06, -2.1788596722355817e-06, 9.201727629357217e-07, -1.6781454432184826e-07, 1.8198627852581886e-08, -1.114850065215849e-09], [-1.1684207570134602, -0.16106599699441512, -0.033622123339351745, 0.0193747179341643, -0.005647612342968863, 0.0009703112712245051, -6.989524896477735e-05, 42.16285484257858, -0.1851784129663554, -0.047409514581330914, -0.023295438815673253, 0.008041373489883354, -0.000948023699051785, 4.251677423611365e-05], [0.1742280301700866, -0.005150423048662896, -0.0005849004617074437, -0.0012441296128313753, 0.0004109794721586377, -7.453530702035482e-05, 6.944910684662687e-06, -0.1851784129663554, 0.48771835911949846, -0.1573368633157352, 0.03245175712225433, 0.0014690088455568764, -0.0016561355953548943, 0.00017670873135153557], [-0.015451074534178266, 0.007588530731909945, -0.0020549067686697255, 0.00026872921879593265, -1.983821451789853e-05, 1.1548748135378021e-05, -2.1788596722355817e-06, -0.047409514581330914, -0.1573368633157352, 0.1480857700865481, -0.04171817108180585, 8.770896645284415e-05, 0.0017525927764330599, -0.0002073816554403818], [0.008653481275288269, -0.0010237548176359156, 0.0008516390291836966, -0.00015242845798268197, 4.436224902384242e-06, -3.807273855443706e-06, 9.201727629357217e-07, -0.023295438815673253, 0.03245175712225433, -0.04171817108180585, 0.014705239047517235, -0.00046046275353067235, -0.0006099486346611177, 8.081230946277592e-05], [-0.003803388212010554, -5.7037430787593114e-05, -4.6505153149927706e-05, 1.5272521400387748e-06, 4.109177866485547e-06, 2.3787085332023343e-07, -1.6781454432184826e-07, 0.008041373489883354, 0.0014690088455568764, 8.770896645284415e-05, -0.00046046275353067235, 8.155644845140182e-05, 1.7217045960782636e-05, -3.822215962234518e-06], [0.0007197137714949686, 4.2499835386774256e-05, -2.845849259558734e-05, 1.1698912554290014e-05, -2.2816191666561343e-06, 7.738774369591952e-08, 1.8198627852581886e-08, -0.000948023699051785, -0.0016561355953548943, 0.0017525927764330599, -0.0006099486346611177, 1.7217045960782636e-05, 2.615577662873491e-05, -3.433787759238373e-06], [-4.990476758462157e-05, -4.491344105384578e-06, 3.735073750416234e-06, -1.4999062300938809e-06, 2.537532445830324e-07, -9.194391202425183e-09, -1.114850065215849e-09, 4.251677423611365e-05, 0.00017670873135153557, -0.0002073816554403818, 8.081230946277592e-05, -3.822215962234518e-06, -3.433787759238373e-06, 4.881009203589685e-07]], [[38.75248335209502, -0.08063097421615992, -0.061740421025748726, -0.004741129549832802, 0.0015392256562158908, 0.00016011518274449484, -3.1231394037372155e-05, -1.476702677059631e-06, -1.1365016989001957, 0.16248096174391816, -0.003168672428719838, 0.0006888772716716696, -0.0007000990611227898, -5.587320482257893e-06, 2.862736955612515e-05, -3.129375914324691e-06], [-0.08063097421615992, 0.4312813196132176, -0.1260295686424838, 0.017558541370258106, 0.003795460941258391, -0.0007839157427771445, -0.00020456396098132614, 3.971983246372104e-05, -0.19200967539687805, -0.0035743003744135916, 0.008871459715548412, -0.0013413459323500605, -3.869348877864703e-05, 3.259932306400692e-05, 1.1659212534075838e-06, -6.76669489690338e-07], [-0.061740421025748726, -0.1260295686424838, 0.10955101856696164, -0.023326969357261675, -0.002520783690772087, 0.0008206844635875636, 0.0001718188518549664, -3.766205410916915e-05, 0.002728245887039834, -0.001154773248265592, -0.0029173265114124654, 0.0009863116429535642, -2.760086246043104e-05, -2.3758845823923666e-05, 3.971552693104902e-07, 4.0773543319665275e-07], [-0.004741129549832802, 0.017558541370258106, -0.023326969357261675, 0.006951944557743003, 0.0002751809011009165, -0.00023136335490191084, -3.491622930536082e-05, 9.726136816889427e-06, -0.0019287119510250372, -0.0002830519536603998, 0.0002678387386845119, -8.830056949811652e-05, -2.2251955928107158e-07, 3.7356796861532646e-06, -2.2215363610650563e-07, -3.168840128110139e-08], [0.0015392256562158908, 0.003795460941258391, -0.002520783690772087, 0.0002751809011009165, 0.00012036798322026904, -1.2807994771310133e-05, -5.4957543985916855e-06, 7.685160211631456e-07, 0.0008802317686467981, -0.00012558551836783238, 0.0001159124799794291, -5.695121754538536e-05, 5.892320032214923e-06, 1.0140024667782276e-06, -1.2235484737297633e-07, -1.552356897901479e-08], [0.00016011518274449484, -0.0007839157427771445, 0.0008206844635875636, -0.00023136335490191084, -1.2807994771310133e-05, 7.989027924117694e-06, 1.3298632090982652e-06, -3.4564086579522664e-07, 4.459424605703316e-05, 2.1367229233400847e-05, -7.125180322804498e-06, 3.865377760469814e-06, -4.843541691088456e-07, -1.0874513518990338e-07, 3.6904652543424086e-08, -2.7358225640905343e-09], [-3.1231394037372155e-05, -0.00020456396098132614, 0.0001718188518549664, -3.491622930536082e-05, -5.4957543985916855e-06, 1.3298632090982652e-06, 3.422455605016806e-07, -6.576135292694148e-08, -5.052872404143613e-05, 7.778155862552922e-06, -9.088545916685977e-06, 3.785556750558408e-06, -2.894775481614669e-07, -1.0108736627327153e-07, 4.374082011699612e-09, 2.3052875345993074e-09], [-1.476702677059631e-06, 3.971983246372104e-05, -3.766205410916915e-05, 9.726136816889427e-06, 7.685160211631456e-07, -3.4564086579522664e-07, -6.576135292694148e-08, 1.5580583726364546e-08, 5.136829608487067e-06, -1.2902436394790138e-06, 1.2738463311591757e-06, -5.284139523050426e-07, 3.8055358824744043e-08, 1.607069504884179e-08, -1.0841943806753872e-09, -2.792306012205859e-10], [-1.1365016989001957, -0.19200967539687805, 0.002728245887039834, -0.0019287119510250372, 0.0008802317686467981, 4.459424605703316e-05, -5.052872404143613e-05, 5.136829608487067e-06, 42.30902037038068, -0.17839017474015642, -0.06974203805897274, -0.006961183166206637, 0.0020285856035657233, 0.0003377984540455372, -0.00010691156451362891, 5.204851642169056e-06], [0.16248096174391816, -0.0035743003744135916, -0.001154773248265592, -0.0002830519536603998, -0.00012558551836783238, 2.1367229233400847e-05, 7.778155862552922e-06, -1.2902436394790138e-06, -0.17839017474015642, 0.4638077662509783, -0.12571920394444644, 0.015638268601852155, 0.004260422896360691, -0.0007495444797850259, -0.00023527278567069847, 4.318751430314118e-05], [-0.003168672428719838, 0.008871459715548412, -0.0029173265114124654, 0.0002678387386845119, 0.0001159124799794291, -7.125180322804498e-06, -9.088545916685977e-06, 1.2738463311591757e-06, -0.06974203805897274, -0.12571920394444644, 0.1080500244102406, -0.021989792765023417, -0.0029014149848942384, 0.0008161874280185512, 0.00019066181856804476, -3.9989720944411374e-05], [0.0006888772716716696, -0.0013413459323500605, 0.0009863116429535642, -8.830056949811652e-05, -5.695121754538536e-05, 3.865377760469814e-06, 3.785556750558408e-06, -5.284139523050426e-07, -0.006961183166206637, 0.015638268601852155, -0.021989792765023417, 0.006673380114901402, 0.0002944391347348858, -0.00022948203050192337, -3.568670060627883e-05, 9.8487636948074e-06], [-0.0007000990611227898, -3.869348877864703e-05, -2.760086246043104e-05, -2.2251955928107158e-07, 5.892320032214923e-06, -4.843541691088456e-07, -2.894775481614669e-07, 3.8055358824744043e-08, 0.0020285856035657233, 0.004260422896360691, -0.0029014149848942384, 0.0002944391347348858, 0.0001483349967605226, -1.4700975404107544e-05, -7.103251485493432e-06, 9.980718465683508e-07], [-5.587320482257893e-06, 3.259932306400692e-05, -2.3758845823923666e-05, 3.7356796861532646e-06, 1.0140024667782276e-06, -1.0874513518990338e-07, -1.0108736627327153e-07, 1.607069504884179e-08, 0.0003377984540455372, -0.0007495444797850259, 0.0008161874280185512, -0.00022948203050192337, -1.4700975404107544e-05, 8.200094268615091e-06, 1.4487599705339597e-06, -3.673706159599418e-07], [2.862736955612515e-05, 1.1659212534075838e-06, 3.971552693104902e-07, -2.2215363610650563e-07, -1.2235484737297633e-07, 3.6904652543424086e-08, 4.374082011699612e-09, -1.0841943806753872e-09, -0.00010691156451362891, -0.00023527278567069847, 0.00019066181856804476, -3.568670060627883e-05, -7.103251485493432e-06, 1.4487599705339597e-06, 4.2869868433908493e-07, -7.820273763786097e-08], [-3.129375914324691e-06, -6.76669489690338e-07, 4.0773543319665275e-07, -3.168840128110139e-08, -1.552356897901479e-08, -2.7358225640905343e-09, 2.3052875345993074e-09, -2.792306012205859e-10, 5.204851642169056e-06, 4.318751430314118e-05, -3.9989720944411374e-05, 9.8487636948074e-06, 9.980718465683508e-07, -3.673706159599418e-07, -7.820273763786097e-08, 1.75294944178292e-08]]], "B_list": [{"B_lon": [[1.074427808786813], [4.655410902988562e-05], [1.1462604959041546e-06]], "B_lat": [[0.13502965548896237], [0.04426283515708968], [2.337794198485352e-05]]}, {"B_lon": [[0.02196536605683045], [1.6592236058334202e-06], [1.1429875441926919e-07]], "B_lat": [[0.006126320035160967], [0.000964030659994287], [6.14603692421026e-08]]}, {"B_lon": [[0.0023358684082605092], [5.703127043210416e-07], [9.836041059385616e-07]], "B_lat": [[0.0005744719456133071], [0.00011075333235081146], [1.9261830768188698e-08]]}, {"B_lon": [[0.0006356173017078716], [9.192003047776705e-07], [9.028611172468658e-07]], "B_lat": [[0.00016353812798006726], [2.792529949194493e-05], [5.317237229970266e-07]]}, {"B_lon": [[0.0003309536972067963], [7.530660264434952e-07], [7.196384897557876e-07]], "B_lat": [[0.00010234943731815001], [7.055551498160929e-06], [6.66047002113146e-07]]}, {"B_lon": [[0.0002475657359120455], [6.182482076574277e-07], [7.000874432318601e-07]], "B_lat": [[8.256677814198305e-05], [3.761029050845558e-06], [6.655517920743551e-07]]}, {"B_lon": [[0.00024000601084427192], [3.933508870381947e-07], [6.317963789415435e-07]], "B_lat": [[8.261950882955846e-05], [2.962240419166705e-06], [6.572179563403255e-07]]}, {"B_lon": [[0.00023384218955388206], [3.2795210154857567e-07], [6.309432057979752e-07]], "B_lat": [[8.571077922630542e-05], [3.4641863799307355e-06], [6.454419869223155e-07]]}], "bic_scores": [125.4217478006978, -1.033283231365722, -57.60669960523971, -66.77650536372427, -47.13944809214482, -10.024585894356477, 38.40660698386151, 95.6979425641045], "best_bic": -66.77650536372427, "best_bic_A": [[38.37478081511346, -0.09885840876577992, -0.08393767414121384, 0.00736763348561576, -0.9239339395828986, 0.16922769670582646, -0.003969329480330677, -0.0009961965627622905], [-0.09885840876577992, 0.42441520242459835, -0.07325796010969278, 0.005416508778681572, -0.18027433847206958, 0.0007826040299990398, 0.007512263912055283, -0.0008076388785434636], [-0.08393767414121384, -0.07325796010969278, 0.035376992794451, -0.003864785711648259, -0.001495841746829028, -0.0059113359789077745, -0.00028521911539640843, 0.00014543255954445846], [0.00736763348561576, 0.005416508778681572, -0.003864785711648259, 0.000495928857403481, 0.0014074942971795063, 0.0005774024135887278, -7.858435311340419e-05, -4.33985951075488e-06], [-0.9239339395828986, -0.18027433847206958, -0.001495841746829028, 0.0014074942971795063, 40.07850174664488, -0.1707887567374291, -0.09531999501672238, 0.0073703212164393204], [0.16922769670582646, 0.0007826040299990398, -0.0059113359789077745, 0.0005774024135887278, -0.1707887567374291, 0.46469440691547464, -0.07869949052392343, 0.005808700413545033], [-0.003969329480330677, 0.007512263912055283, -0.00028521911539640843, -7.858435311340419e-05, -0.09531999501672238, -0.07869949052392343, 0.037701734682479345, -0.004142266742703202], [-0.0009961965627622905, -0.0008076388785434636, 0.00014543255954445846, -4.33985951075488e-06, 0.0073703212164393204, 0.005808700413545033, -0.004142266742703202, 0.0005348912161321866]], "best_bic_B": {"B_lon": [[0.0006356173017078716], [9.192003047776705e-07], [9.028611172468658e-07]], "B_lat": [[0.00016353812798006726], [2.792529949194493e-05], [5.317237229970266e-07]]}, "best_bic_deg": 4, "best_bic_deg_idx": 3, "aic_scores": [117.71067350052842, -14.741859765000186, -80.73992250574787, -102.76151876451473, -99.4033961266262, -81.9946126959374, -56.696642718227594, -25.965674171901355], "best_aic": -102.76151876451473, "best_aic_A": [[38.37478081511346, -0.09885840876577992, -0.08393767414121384, 0.00736763348561576, -0.9239339395828986, 0.16922769670582646, -0.003969329480330677, -0.0009961965627622905], [-0.09885840876577992, 0.42441520242459835, -0.07325796010969278, 0.005416508778681572, -0.18027433847206958, 0.0007826040299990398, 0.007512263912055283, -0.0008076388785434636], [-0.08393767414121384, -0.07325796010969278, 0.035376992794451, -0.003864785711648259, -0.001495841746829028, -0.0059113359789077745, -0.00028521911539640843, 0.00014543255954445846], [0.00736763348561576, 0.005416508778681572, -0.003864785711648259, 0.000495928857403481, 0.0014074942971795063, 0.0005774024135887278, -7.858435311340419e-05, -4.33985951075488e-06], [-0.9239339395828986, -0.18027433847206958, -0.001495841746829028, 0.0014074942971795063, 40.07850174664488, -0.1707887567374291, -0.09531999501672238, 0.0073703212164393204], [0.16922769670582646, 0.0007826040299990398, -0.0059113359789077745, 0.0005774024135887278, -0.1707887567374291, 0.46469440691547464, -0.07869949052392343, 0.005808700413545033], [-0.003969329480330677, 0.007512263912055283, -0.00028521911539640843, -7.858435311340419e-05, -0.09531999501672238, -0.07869949052392343, 0.037701734682479345, -0.004142266742703202], [-0.0009961965627622905, -0.0008076388785434636, 0.00014543255954445846, -4.33985951075488e-06, 0.0073703212164393204, 0.005808700413545033, -0.004142266742703202, 0.0005348912161321866]], "best_aic_B": {"B_lon": [[0.0006356173017078716], [9.192003047776705e-07], [9.028611172468658e-07]], "B_lat": [[0.00016353812798006726], [2.792529949194493e-05], [5.317237229970266e-07]]}, "best_aic_deg": 4, "best_aic_deg_idx": 3, "lr": 0.005, "optimizer": [{"class_name": "Adam", "config": {"name": "Adam", "learning_rate": 0.005, "decay": 0.0, "beta_1": 0.9, "beta_2": 0.999, "epsilon": 1e-07, "amsgrad": false}}, {"class_name": "Adam", "config": {"name": "Adam", "learning_rate": 0.005, "decay": 0.0, "beta_1": 0.9, "beta_2": 0.999, "epsilon": 1e-07, "amsgrad": false}}, {"class_name": "Adam", "config": {"name": "Adam", "learning_rate": 0.005, "decay": 0.0, "beta_1": 0.9, "beta_2": 0.999, "epsilon": 1e-07, "amsgrad": false}}, {"class_name": "Adam", "config": {"name": "Adam", "learning_rate": 0.005, "decay": 0.0, "beta_1": 0.9, "beta_2": 0.999, "epsilon": 1e-07, "amsgrad": false}}, {"class_name": "Adam", "config": {"name": "Adam", "learning_rate": 0.005, "decay": 0.0, "beta_1": 0.9, "beta_2": 0.999, "epsilon": 1e-07, "amsgrad": false}}, {"class_name": "Adam", "config": {"name": "Adam", "learning_rate": 0.005, "decay": 0.0, "beta_1": 0.9, "beta_2": 0.999, "epsilon": 1e-07, "amsgrad": false}}, {"class_name": "Adam", "config": {"name": "Adam", "learning_rate": 0.005, "decay": 0.0, "beta_1": 0.9, "beta_2": 0.999, "epsilon": 1e-07, "amsgrad": false}}, {"class_name": "Adam", "config": {"name": "Adam", "learning_rate": 0.005, "decay": 0.0, "beta_1": 0.9, "beta_2": 0.999, "epsilon": 1e-07, "amsgrad": false}}], "epochs": 50, "best_epochs": [49, 49, 49, 47, 49, 49, 49, 49], "batch_size": 1024}