{"degree": [1, 2, 3, 4, 5, 6, 7, 8], "losses": [7.971910728622167, -64.00549144366398, -80.80992358714677, -84.68802299447434, -86.43511698231919, -86.4802060704612, -86.79628697133288, -87.47692934580282], "A_list": [[[42.236204163927205, -1.4650849028339255], [-1.4650849028339255, 44.82608942790986]], [[41.62371375348836, -0.09208619684475103, -1.358355943631988, 0.176453867630096], [-0.09208619684475103, 0.25260848475664865, -0.20945657019612773, 0.003165559643518424], [-1.358355943631988, -0.20945657019612773, 44.8092874341638, -0.14720848696979064], [0.176453867630096, 0.003165559643518424, -0.14720848696979064, 0.2724601533938078]], [[41.33372082334781, 0.13886027342690932, -0.06952695893338129, -1.3088044670717989, 0.18181794475704666, -0.003709617557368565], [0.13886027342690932, 0.36046535363649235, -0.0399023897964108, -0.2111825352196608, 0.0008683344439610918, 0.003921076781607688], [-0.06952695893338129, -0.0399023897964108, 0.013390288111066148, 0.009082911300307122, -0.0025163718829720482, -0.00023469907520844583], [-1.3088044670717989, -0.2111825352196608, 0.009082911300307122, 44.36380099684135, 0.04679121409105492, -0.08251411944713485], [0.18181794475704666, 0.0008683344439610918, -0.0025163718829720482, 0.04679121409105492, 0.39293994770781765, -0.04137768919744285], [-0.003709617557368565, 0.003921076781607688, -0.00023469907520844583, -0.08251411944713485, -0.04137768919744285, 0.014365381046051605]], [[41.28958606080865, 0.14600981346866038, -0.04911486263209876, -0.0001613329358003996, -1.3530127554945015, 0.1519949614261537, -0.0011258002883037322, -0.0005442798163193502], [0.14600981346866038, 0.48311725585112675, -0.17205052055718714, 0.03441051041115392, -0.18597452365168363, -0.00198679256621082, 0.013928675564759744, -0.003394250366256451], [-0.04911486263209876, -0.17205052055718714, 0.14889217663785145, -0.035269790454076286, 0.0004326599643592705, 0.0007427065288150999, -0.007384063649037525, 0.002351760960409009], [-0.0001613329358003996, 0.03441051041115392, -0.035269790454076286, 0.009216772760763325, 0.0013067958264953129, -0.0011279084281389114, 0.0018498391297011479, -0.0005849902344548743], [-1.3530127554945015, -0.18597452365168363, 0.0004326599643592705, 0.0013067958264953129, 44.496709808425, 0.06874351016455033, -0.07723441766171507, -0.0025949089145783995], [0.1519949614261537, -0.00198679256621082, 0.0007427065288150999, -0.0011279084281389114, 0.06874351016455033, 0.5212848291655257, -0.18074266575800194, 0.03598407757091457], [-0.0011258002883037322, 0.013928675564759744, -0.007384063649037525, 0.0018498391297011479, -0.07723441766171507, -0.18074266575800194, 0.15790810101847186, -0.03714923919934221], [-0.0005442798163193502, -0.003394250366256451, 0.002351760960409009, -0.0005849902344548743, -0.0025949089145783995, 0.03598407757091457, -0.03714923919934221, 0.009552448035152821]], [[41.65981027691249, 0.03364812052308073, 0.010595200856768128, -0.041466390112048675, 0.0062486034170027, -1.3863177577744294, 0.17749620417572912, -0.01969958484197837, 0.010094007988538744, -0.0023002785544158676], [0.03364812052308073, 0.7939168253369188, -0.6619569883735987, 0.3238881779679406, -0.05742896857958904, -0.16535441799373515, -0.030442439437134733, 0.03351978943695988, -0.013926039915988259, 0.00218130178526543], [0.010595200856768128, -0.6619569883735987, 0.9448414647051004, -0.5086446568926073, 0.09441913512124565, -0.017748632008517628, 0.025846448089357897, -0.030972703436290477, 0.016702175864940435, -0.0029988807583413418], [-0.041466390112048675, 0.3238881779679406, -0.5086446568926073, 0.29235117110534997, -0.05664345563138082, 0.010819836458133681, -0.012856913231044789, 0.014455740689640098, -0.008794853426986408, 0.0017635388564428327], [0.0062486034170027, -0.05742896857958904, 0.09441913512124565, -0.05664345563138082, 0.01132625949807116, -0.0013270164406981955, 0.00204633370708277, -0.002198816387160564, 0.0014801036374370745, -0.0003168817581208477], [-1.3863177577744294, -0.16535441799373515, -0.017748632008517628, 0.010819836458133681, -0.0013270164406981955, 44.39110363540362, 0.016786609262155652, 0.03335458662690228, -0.07181663407029334, 0.013225568087555015], [0.17749620417572912, -0.030442439437134733, 0.025846448089357897, -0.012856913231044789, 0.00204633370708277, 0.016786609262155652, 0.7142088388945635, -0.5450454057297668, 0.2600615287911268, -0.045485433158841695], [-0.01969958484197837, 0.03351978943695988, -0.030972703436290477, 0.014455740689640098, -0.002198816387160564, 0.03335458662690228, -0.5450454057297668, 0.8012616270276729, -0.4323545844723195, 0.08021410052172653], [0.010094007988538744, -0.013926039915988259, 0.016702175864940435, -0.008794853426986408, 0.0014801036374370745, -0.07181663407029334, 0.2600615287911268, -0.4323545844723195, 0.25286621893435846, -0.04942943073082811], [-0.0023002785544158676, 0.00218130178526543, -0.0029988807583413418, 0.0017635388564428327, -0.0003168817581208477, 0.013225568087555015, -0.045485433158841695, 0.08021410052172653, -0.04942943073082811, 0.01003402970417274]], [[41.66695352822801, 0.11995658394863597, -0.04418208464471903, 0.022974534746110362, -0.023394181941503837, 0.005236412431454078, -1.3591691931075154, 0.1814466097732809, -0.018970151096420335, -0.0043702974597083916, 0.0034700343949558843, -0.0011798811558664316], [0.11995658394863597, 0.650470335703627, -0.3687073007268841, 0.05366517400845402, 0.05583316640537403, -0.018269980694626906, -0.179381001330886, -0.03438507247206455, 0.041327546369257256, -0.015339837684675728, 0.00195773910057811, 0.0004497261984764635], [-0.04418208464471903, -0.3687073007268841, 0.4202183424143443, -0.10337380535044781, -0.050963451328147676, 0.020344946480049718, -0.013447309814468887, 0.02625931004301545, -0.035600861096383066, 0.01868495849240037, -0.0038539214247079795, -0.00012377919781814996], [0.022974534746110362, 0.05366517400845402, -0.10337380535044781, 0.04718256560768005, 0.004339037973526769, -0.004544486178291867, -0.004559771453006754, -0.0015731678569971168, 0.003672471609029483, -0.004227123783426703, 0.0018918528970277406, -0.00024620616375665484], [-0.023394181941503837, 0.05583316640537403, -0.050963451328147676, 0.004339037973526769, 0.009950173965113485, -0.00281222383599729, 0.006179702995532901, -0.006316224257275806, 0.007141969209406386, -0.002860439669947036, 0.00016076669821240446, 0.0001360426719024744], [0.005236412431454078, -0.018269980694626906, 0.020344946480049718, -0.004544486178291867, -0.00281222383599729, 0.0010388927044729615, -0.0020566758917086258, 0.002022844899441653, -0.0024521884791311194, 0.0011275666691912085, -0.00013604579712174234, -3.4072058993823114e-05], [-1.3591691931075154, -0.179381001330886, -0.013447309814468887, -0.004559771453006754, 0.006179702995532901, -0.0020566758917086258, 44.43225330987114, 0.0313869385429849, 0.04139764206219809, -0.0531721515921331, -0.0018851321311300767, 0.003030018618343861], [0.1814466097732809, -0.03438507247206455, 0.02625931004301545, -0.0015731678569971168, -0.006316224257275806, 0.002022844899441653, 0.0313869385429849, 0.6817209389766358, -0.3902889908077751, 0.06784208669408703, 0.05263735418249832, -0.018151219296917195], [-0.018970151096420335, 0.041327546369257256, -0.035600861096383066, 0.003672471609029483, 0.007141969209406386, -0.0024521884791311194, 0.04139764206219809, -0.3902889908077751, 0.45902074590109276, -0.12151446262216427, -0.05037882086696133, 0.021243763112926056], [-0.0043702974597083916, -0.015339837684675728, 0.01868495849240037, -0.004227123783426703, -0.002860439669947036, 0.0011275666691912085, -0.0531721515921331, 0.06784208669408703, -0.12151446262216427, 0.05362751411094714, 0.005716858376405341, -0.005357962471494908], [0.0034700343949558843, 0.00195773910057811, -0.0038539214247079795, 0.0018918528970277406, 0.00016076669821240446, -0.00013604579712174234, -0.0018851321311300767, 0.05263735418249832, -0.05037882086696133, 0.005716858376405341, 0.008890684348699763, -0.002591153525279978], [-0.0011798811558664316, 0.0004497261984764635, -0.00012377919781814996, -0.00024620616375665484, 0.0001360426719024744, -3.4072058993823114e-05, 0.003030018618343861, -0.018151219296917195, 0.021243763112926056, -0.005357962471494908, -0.002591153525279978, 0.00102903300327703]], [[41.39882802604335, 0.11059881887310682, -0.09048550548229152, 0.04489845799923286, -0.018572906257839743, -0.001791901385344321, 0.0017862957773706477, -1.479978344725462, 0.20402662829249207, -0.021782030652653606, 0.00979061666199127, -0.0041101345161356825, 0.0014876554462043949, -8.963590879405492e-05], [0.11059881887310682, 0.5897837590458199, -0.30697272617117455, 0.05804997960740753, 0.02452538588529821, -0.0026555128255301434, -0.0024692934905972586, -0.2162602592582753, -0.02810553878864651, 0.0425487332443823, -0.015824466463836805, -0.00012833028144189178, 0.0011794860174827995, -0.00011222401618774467], [-0.09048550548229152, -0.30697272617117455, 0.4015620330519344, -0.14802313558622754, -0.017129163968770962, 0.014984751482843362, -0.0005312191516546768, -0.01496992258536825, 0.035373588981890525, -0.05831304616988041, 0.030026478962525267, -0.00019342229957183425, -0.004183291666569083, 0.0008718390853321016], [0.04489845799923286, 0.05804997960740753, -0.14802313558622754, 0.09792649445107174, -0.005438437798794023, -0.012925287154989838, 0.0028496670154721103, 9.55617921357854e-05, -0.01861328033627479, 0.033716287315954586, -0.020545277362201516, 0.0007919960784509609, 0.0032840465416672775, -0.0008012342477204633], [-0.018572906257839743, 0.02452538588529821, -0.017129163968770962, -0.005438437798794023, 0.004410294562538608, 0.001438968344894292, -0.0007848555217959324, 0.004605222113169664, 0.0017775914822275671, -0.0038916517860734315, 0.00249292311693786, -3.617417994085094e-05, -0.0004690056431888504, 0.0001156599710288381], [-0.001791901385344321, -0.0026555128255301434, 0.014984751482843362, -0.012925287154989838, 0.001438968344894292, 0.0018539397345624933, -0.0004913264976954183, -0.002037839831585139, 0.0010095067072547676, -0.0030181726686599334, 0.00235613468914134, -0.00022622924274619418, -0.000433963738132642, 0.00012535203095581583], [0.0017862957773706477, -0.0024692934905972586, -0.0005312191516546768, 0.0028496670154721103, -0.0007848555217959324, -0.0004913264976954183, 0.00018111724660132848, 0.0003873189275187729, -0.00020269827664851656, 0.0008009727327275721, -0.0006786692685442379, 6.812744741728862e-05, 0.0001333821727345333, -3.930005305016358e-05], [-1.479978344725462, -0.2162602592582753, -0.01496992258536825, 9.55617921357854e-05, 0.004605222113169664, -0.002037839831585139, 0.0003873189275187729, 44.68252876455477, 0.013763564754297408, -0.054685781466034866, 0.011612378301463389, -0.023354228968997498, 0.004860736960040342, 0.0002813944074675964], [0.20402662829249207, -0.02810553878864651, 0.035373588981890525, -0.01861328033627479, 0.0017775914822275671, 0.0010095067072547676, -0.00020269827664851656, 0.013763564754297408, 0.6229523251103684, -0.3296066155378316, 0.07272640731106068, 0.02261276986646578, -0.0043731593392628346, -0.0020278082789256724], [-0.021782030652653606, 0.0425487332443823, -0.05831304616988041, 0.033716287315954586, -0.0038916517860734315, -0.0030181726686599334, 0.0008009727327275721, -0.054685781466034866, -0.3296066155378316, 0.43708403231592596, -0.164941484091977, -0.0169287545202163, 0.01663819633054603, -0.0007775123528212569], [0.00979061666199127, -0.015824466463836805, 0.030026478962525267, -0.020545277362201516, 0.00249292311693786, 0.00235613468914134, -0.0006786692685442379, 0.011612378301463389, 0.07272640731106068, -0.164941484091977, 0.10293654841779099, -0.004542136984021166, -0.01328444406759952, 0.0028125115962807134], [-0.0041101345161356825, -0.00012833028144189178, -0.00019342229957183425, 0.0007919960784509609, -3.617417994085094e-05, -0.00022622924274619418, 6.812744741728862e-05, -0.023354228968997498, 0.02261276986646578, -0.0169287545202163, -0.004542136984021166, 0.004236873277831853, 0.0012736508393303703, -0.000732900866324169], [0.0014876554462043949, 0.0011794860174827995, -0.004183291666569083, 0.0032840465416672775, -0.0004690056431888504, -0.000433963738132642, 0.0001333821727345333, 0.004860736960040342, -0.0043731593392628346, 0.01663819633054603, -0.01328444406759952, 0.0012736508393303703, 0.0018750968374498102, -0.00048398948347380054], [-8.963590879405492e-05, -0.00011222401618774467, 0.0008718390853321016, -0.0008012342477204633, 0.0001156599710288381, 0.00012535203095581583, -3.930005305016358e-05, 0.0002813944074675964, -0.0020278082789256724, -0.0007775123528212569, 0.0028125115962807134, -0.000732900866324169, -0.00048398948347380054, 0.00017708763853924614]], [[41.84498929688116, 0.11934440403429264, -0.08312708383052284, 0.01753385877546711, -0.009634659748681064, 0.0037981445739800677, -0.0036649410913571763, 0.0011246303052138398, -1.5098506965000438, 0.15524436133635322, 0.034295903378673796, -0.05261448507277159, 0.02798845406066976, -0.0032523683376056785, -0.002826363771041437, 0.0007512212434657752], [0.11934440403429264, 0.7014556398342664, -0.5253184370537878, 0.18153477095902965, 0.03343586141966454, -0.015165749036641113, -0.010146323575701997, 0.0033444669303921847, -0.21774260168751067, -0.023798403768397102, 0.03424852581630918, -0.009832065531378668, -0.0022025334284324185, 0.0007048215538758588, 0.000645790534863018, -0.0002056102961324679], [-0.08312708383052284, -0.5253184370537878, 0.7936009437306987, -0.34534818436118864, -0.04929474115978128, 0.036357188081018225, 0.0174869195942109, -0.0070611356008546, -0.0036942345491828765, 0.021833021009178354, -0.03870849213196352, 0.014221074770697147, 0.00480961819027124, -0.00214406856072623, -0.0011834817475655166, 0.000484006940506313], [0.01753385877546711, 0.18153477095902965, -0.34534818436118864, 0.1821507619417561, 0.01862594148717025, -0.021587552779000034, -0.008895582556939827, 0.004136578223617548, -0.006127529249095707, -0.0068796959843322805, 0.013368660455588514, -0.0055314256592753994, -0.0020662870948096146, 0.0010698743792219745, 0.0005664294733251552, -0.0002538248188302354], [-0.009634659748681064, 0.03343586141966454, -0.04929474115978128, 0.01862594148717025, 0.0036509080925515008, -0.0017071759041022163, -0.000969082788256534, 0.00031947517912210165, 0.009539860166040534, -0.0022718176055574724, 0.0051211014770099735, -0.0026807201485069205, -0.00036778772020170064, 0.0003286370262789949, 0.00015119777548324863, -6.795028717339571e-05], [0.0037981445739800677, -0.015165749036641113, 0.036357188081018225, -0.021587552779000034, -0.0017071759041022163, 0.0027367047364881656, 0.001029770541523005, -0.00052059144064552, -0.003008327478077827, 9.736185989609287e-05, -0.0024836296912272627, 0.0015934679039921154, 0.0002733660569418787, -0.0002750245637026608, -0.000113000472830308, 5.802941197372352e-05], [-0.0036649410913571763, -0.010146323575701997, 0.0174869195942109, -0.008895582556939827, -0.000969082788256534, 0.001029770541523005, 0.0004420792942138978, -0.00019955296437312154, -0.00043904636415216785, 0.0007822680481197098, -0.0007813065911081446, 0.0002638727744228128, 0.00010729486817136984, -4.429554365201714e-05, -2.734352886843541e-05, 1.0906094813743467e-05], [0.0011246303052138398, 0.0033444669303921847, -0.0070611356008546, 0.004136578223617548, 0.00031947517912210165, -0.00052059144064552, -0.00019955296437312154, 0.00010067779221370338, 0.00028721089316476034, -0.00019970964337575248, 0.0003533985677736304, -0.00017652383268277217, -4.872273367971916e-05, 3.366770827747156e-05, 1.5477850533912673e-05, -7.4149437981838e-06], [-1.5098506965000438, -0.21774260168751067, -0.0036942345491828765, -0.006127529249095707, 0.009539860166040534, -0.003008327478077827, -0.00043904636415216785, 0.00028721089316476034, 44.734006385636086, 0.008459652682452277, -0.018022977717179076, -0.011424144737512472, -0.013462662258687304, 0.0022553964481372684, 0.0016172978490905912, -0.00022067386962820891], [0.15524436133635322, -0.023798403768397102, 0.021833021009178354, -0.0068796959843322805, -0.0022718176055574724, 9.736185989609287e-05, 0.0007822680481197098, -0.00019970964337575248, 0.008459652682452277, 0.7347394424368996, -0.5435457205960352, 0.19402825593452944, 0.03307225630685539, -0.01759969558731758, -0.009828234092325137, 0.0034291850396649367], [0.034295903378673796, 0.03424852581630918, -0.03870849213196352, 0.013368660455588514, 0.0051211014770099735, -0.0024836296912272627, -0.0007813065911081446, 0.0003533985677736304, -0.018022977717179076, -0.5435457205960352, 0.8271728261595802, -0.3673949888068749, -0.0494086962836258, 0.038648746208983814, 0.01808146940220645, -0.0073682259498593266], [-0.05261448507277159, -0.009832065531378668, 0.014221074770697147, -0.0055314256592753994, -0.0026807201485069205, 0.0015934679039921154, 0.0002638727744228128, -0.00017652383268277217, -0.011424144737512472, 0.19402825593452944, -0.3673949888068749, 0.19781799587647372, 0.018293449201422042, -0.022994133978913592, -0.009380538784230542, 0.004366820279448147], [0.02798845406066976, -0.0022025334284324185, 0.00480961819027124, -0.0020662870948096146, -0.00036778772020170064, 0.0002733660569418787, 0.00010729486817136984, -4.872273367971916e-05, -0.013462662258687304, 0.03307225630685539, -0.0494086962836258, 0.018293449201422042, 0.0036579877222293242, -0.0016392942507043025, -0.000949358220513879, 0.00030500152238051846], [-0.0032523683376056785, 0.0007048215538758588, -0.00214406856072623, 0.0010698743792219745, 0.0003286370262789949, -0.0002750245637026608, -4.429554365201714e-05, 3.366770827747156e-05, 0.0022553964481372684, -0.01759969558731758, 0.038648746208983814, -0.022994133978913592, -0.0016392942507043025, 0.0028283354952190567, 0.0010757682154191074, -0.000538991062443492], [-0.002826363771041437, 0.000645790534863018, -0.0011834817475655166, 0.0005664294733251552, 0.00015119777548324863, -0.000113000472830308, -2.734352886843541e-05, 1.5477850533912673e-05, 0.0016172978490905912, -0.009828234092325137, 0.01808146940220645, -0.009380538784230542, -0.000949358220513879, 0.0010757682154191074, 0.0004524433765016587, -0.0002050800801635646], [0.0007512212434657752, -0.0002056102961324679, 0.000484006940506313, -0.0002538248188302354, -6.795028717339571e-05, 5.802941197372352e-05, 1.0906094813743467e-05, -7.4149437981838e-06, -0.00022067386962820891, 0.0034291850396649367, -0.0073682259498593266, 0.004366820279448147, 0.00030500152238051846, -0.000538991062443492, -0.0002050800801635646, 0.00010331299376486542]]], "B_list": [{"B_lon": [[0.07778018745977364], [1.858525830857208e-06], [1.741346943652163e-07]], "B_lat": [[0.015540114210846766], [0.0028636045397785422], [3.931284001877381e-07]]}, {"B_lon": [[0.0009946201693757245], [9.088556897127876e-07], [8.158814240770696e-07]], "B_lat": [[0.0003021623654424827], [4.801781719434282e-05], [6.470224807879399e-08]]}, {"B_lon": [[0.0002528670441314952], [5.297630071846546e-07], [5.968037266458901e-07]], "B_lat": [[9.428651019171723e-05], [6.963125686505047e-06], [5.42557292257042e-07]]}, {"B_lon": [[0.00016196366167281452], [5.1821261547274616e-08], [4.822177734625899e-07]], "B_lat": [[7.454282864706609e-05], [1.849717335962679e-06], [5.609336773440003e-07]]}, {"B_lon": [[0.00012877000050562246], [3.847444584408977e-08], [4.1938371528814797e-07]], "B_lat": [[5.540697790725996e-05], [1.184380591284547e-06], [4.5953583645969233e-07]]}, {"B_lon": [[0.00013376742213878407], [6.162784852701096e-08], [4.3924388892659224e-07]], "B_lat": [[5.424765446378519e-05], [2.5444987867753104e-06], [4.2092878475218636e-07]]}, {"B_lon": [[0.0001224823748973523], [1.1428303979003494e-07], [4.1901204957769136e-07]], "B_lat": [[5.38841992396256e-05], [1.5481562857260643e-06], [4.5095489821149357e-07]]}, {"B_lon": [[0.00011343287021295978], [3.9264010782750376e-08], [4.085214742569356e-07]], "B_lat": [[4.9377161578701684e-05], [5.67986323054789e-07], [4.313750209992322e-07]]}], "bic_scores": [21.67226169837757, -39.649311941876604, -39.70887067788056, -20.753051802282457, 6.422817368245219, 41.38973631392257, 82.17470832231709, 128.6841637325602], "best_bic": -39.70887067788056, "best_bic_A": [[41.33372082334781, 0.13886027342690932, -0.06952695893338129, -1.3088044670717989, 0.18181794475704666, -0.003709617557368565], [0.13886027342690932, 0.36046535363649235, -0.0399023897964108, -0.2111825352196608, 0.0008683344439610918, 0.003921076781607688], [-0.06952695893338129, -0.0399023897964108, 0.013390288111066148, 0.009082911300307122, -0.0025163718829720482, -0.00023469907520844583], [-1.3088044670717989, -0.2111825352196608, 0.009082911300307122, 44.36380099684135, 0.04679121409105492, -0.08251411944713485], [0.18181794475704666, 0.0008683344439610918, -0.0025163718829720482, 0.04679121409105492, 0.39293994770781765, -0.04137768919744285], [-0.003709617557368565, 0.003921076781607688, -0.00023469907520844583, -0.08251411944713485, -0.04137768919744285, 0.014365381046051605]], "best_bic_B": {"B_lon": [[0.0002528670441314952], [5.297630071846546e-07], [5.968037266458901e-07]], "B_lat": [[9.428651019171723e-05], [6.963125686505047e-06], [5.42557292257042e-07]]}, "best_bic_deg": 3, "best_bic_deg_idx": 2, "aic_scores": [16.971910728622166, -48.005491443663985, -53.80992358714677, -42.68802299447434, -25.435116982319187, -2.4802060704611932, 24.203713028667124, 54.523070654197184], "best_aic": -53.80992358714677, "best_aic_A": [[41.33372082334781, 0.13886027342690932, -0.06952695893338129, -1.3088044670717989, 0.18181794475704666, -0.003709617557368565], [0.13886027342690932, 0.36046535363649235, -0.0399023897964108, -0.2111825352196608, 0.0008683344439610918, 0.003921076781607688], [-0.06952695893338129, -0.0399023897964108, 0.013390288111066148, 0.009082911300307122, -0.0025163718829720482, -0.00023469907520844583], [-1.3088044670717989, -0.2111825352196608, 0.009082911300307122, 44.36380099684135, 0.04679121409105492, -0.08251411944713485], [0.18181794475704666, 0.0008683344439610918, -0.0025163718829720482, 0.04679121409105492, 0.39293994770781765, -0.04137768919744285], [-0.003709617557368565, 0.003921076781607688, -0.00023469907520844583, -0.08251411944713485, -0.04137768919744285, 0.014365381046051605]], "best_aic_B": {"B_lon": [[0.0002528670441314952], [5.297630071846546e-07], [5.968037266458901e-07]], "B_lat": [[9.428651019171723e-05], [6.963125686505047e-06], [5.42557292257042e-07]]}, "best_aic_deg": 3, "best_aic_deg_idx": 2, "lr": 0.005, "optimizer": [{"class_name": "Adam", "config": {"name": "Adam", "learning_rate": 0.005, "decay": 0.0, "beta_1": 0.9, "beta_2": 0.999, "epsilon": 1e-07, "amsgrad": false}}, {"class_name": "Adam", "config": {"name": "Adam", "learning_rate": 0.005, "decay": 0.0, "beta_1": 0.9, "beta_2": 0.999, "epsilon": 1e-07, "amsgrad": false}}, {"class_name": "Adam", "config": {"name": "Adam", "learning_rate": 0.005, "decay": 0.0, "beta_1": 0.9, "beta_2": 0.999, "epsilon": 1e-07, "amsgrad": false}}, {"class_name": "Adam", "config": {"name": "Adam", "learning_rate": 0.005, "decay": 0.0, "beta_1": 0.9, "beta_2": 0.999, "epsilon": 1e-07, "amsgrad": false}}, {"class_name": "Adam", "config": {"name": "Adam", "learning_rate": 0.005, "decay": 0.0, "beta_1": 0.9, "beta_2": 0.999, "epsilon": 1e-07, "amsgrad": false}}, {"class_name": "Adam", "config": {"name": "Adam", "learning_rate": 0.005, "decay": 0.0, "beta_1": 0.9, "beta_2": 0.999, "epsilon": 1e-07, "amsgrad": false}}, {"class_name": "Adam", "config": {"name": "Adam", "learning_rate": 0.005, "decay": 0.0, "beta_1": 0.9, "beta_2": 0.999, "epsilon": 1e-07, "amsgrad": false}}, {"class_name": "Adam", "config": {"name": "Adam", "learning_rate": 0.005, "decay": 0.0, "beta_1": 0.9, "beta_2": 0.999, "epsilon": 1e-07, "amsgrad": false}}], "epochs": 50, "best_epochs": [48, 48, 44, 49, 49, 46, 49, 48], "batch_size": 1024}