{"degree": [1, 2, 3, 4, 5, 6, 7, 8], "losses": [17.65076788423624, -68.23201559962055, -106.50368575853491, -134.71372399824662, -157.04849801376213, -159.7734685819995, -165.9306856005169, -180.63163401845574], "A_list": [[[5.979213618937721, 0.5815315791826287], [0.5815315791826287, 7.063669629917759]], [[6.270590179138271, -0.06195702536409309, 0.6393475343183663, 0.006746612487929121], [-0.06195702536409309, 0.017535999502015346, -0.007085083481288548, 0.0011073054798643757], [0.6393475343183663, -0.007085083481288548, 7.416915594971805, -0.05513444561376461], [0.006746612487929121, 0.0011073054798643757, -0.05513444561376461, 0.020272381180038476]], [[6.275089437839899, -0.09945381948711077, 0.006011774309154341, 0.6354167461116769, 0.008265405753927963, -0.00045668707847713126], [-0.09945381948711077, 0.0742931196037672, -0.00968295690903201, -0.006155089512660575, 0.0021065289675146234, -1.1427485986418886e-05], [0.006011774309154341, -0.00968295690903201, 0.0016466507007266277, -0.00022307105814324627, -0.0001377201392789205, -1.17403164440662e-05], [0.6354167461116769, -0.006155089512660575, -0.00022307105814324627, 7.423145436091647, -0.08299453021058262, 0.003921471775938765], [0.008265405753927963, 0.0021065289675146234, -0.0001377201392789205, -0.08299453021058262, 0.07320975022344291, -0.008917819562647731], [-0.00045668707847713126, -1.1427485986418886e-05, -1.17403164440662e-05, 0.003921471775938765, -0.008917819562647731, 0.001487712478529876]], [[6.277505941424847, -0.1282588114716731, 0.022031445565077048, -0.0020148403945916193, 0.6346399602318568, -0.015476572151273817, 0.01044526085980769, -0.0014841620519478206], [-0.1282588114716731, 0.15873017056889463, -0.05236804079655085, 0.005590211606725394, 0.022383355900263455, 0.00040697376580163286, 0.00024131006539795743, 2.1916283480059422e-05], [0.022031445565077048, -0.05236804079655085, 0.022808531216400085, -0.0027746503972565168, -0.01274629806211714, 0.0007358176017617503, -0.0001431705352391566, -5.925898726015793e-06], [-0.0020148403945916193, 0.005590211606725394, -0.0027746503972565168, 0.00036350362635242527, 0.001681017011665185, -0.00010398201928506433, 1.4861960597023109e-05, 1.2563684620797754e-06], [0.6346399602318568, 0.022383355900263455, -0.01274629806211714, 0.001681017011665185, 7.447334328560076, -0.1354552460584632, 0.02951241864771293, -0.0032252460579637], [-0.015476572151273817, 0.00040697376580163286, 0.0007358176017617503, -0.00010398201928506433, -0.1354552460584632, 0.17653619882453378, -0.057604017563597065, 0.006256796647516935], [0.01044526085980769, 0.00024131006539795743, -0.0001431705352391566, 1.4861960597023109e-05, 0.02951241864771293, -0.057604017563597065, 0.024256101993995957, -0.0029348479122284195], [-0.0014841620519478206, 2.1916283480059422e-05, -5.925898726015793e-06, 1.2563684620797754e-06, -0.0032252460579637, 0.006256796647516935, -0.0029348479122284195, 0.0003779771178630597]], [[6.193256901320849, -0.09758854879211579, 0.010271797335025422, 0.0019190118650622447, -0.000539068077568498, 0.6274868513521967, -0.011038010780924803, 0.006202927050042606, -0.00037332909067775463, -0.00010693072416884735], [-0.09758854879211579, 0.16656777920786225, -0.06525199480197516, 0.010025717986998611, -0.00044925381413667153, 0.026459698070725877, -0.0027486939325446266, 0.001240003610521562, 8.70395533896159e-05, -3.374062412314235e-05], [0.010271797335025422, -0.06525199480197516, 0.04036464473626816, -0.00938023466039948, 0.0007544040555481596, -0.011193081774093524, 0.0017183870646363352, -0.000694159459361906, 6.863519854928603e-05, -8.915708436169142e-08], [0.0019190118650622447, 0.010025717986998611, -0.00938023466039948, 0.0029298909580858625, -0.00029910842289426894, 0.00047674137929801285, -9.819409610858508e-05, 9.674958911287813e-05, -2.8271488382360375e-05, 2.935338537157912e-06], [-0.000539068077568498, -0.00044925381413667153, 0.0007544040555481596, -0.00029910842289426894, 3.508008067193915e-05, 0.00016205605671586228, -1.929361988016501e-05, -2.071302690844401e-06, 2.8499446391276795e-06, -3.9542232636978123e-07], [0.6274868513521967, 0.026459698070725877, -0.011193081774093524, 0.00047674137929801285, 0.00016205605671586228, 7.397961336415873, -0.11577566985040193, 0.020571126122914424, -0.0004578145580973898, -0.00037922954687370276], [-0.011038010780924803, -0.0027486939325446266, 0.0017183870646363352, -9.819409610858508e-05, -1.929361988016501e-05, -0.11577566985040193, 0.17999632743121705, -0.06909857374306543, 0.010878757624744393, -0.0005173385028909588], [0.006202927050042606, 0.001240003610521562, -0.000694159459361906, 9.674958911287813e-05, -2.071302690844401e-06, 0.020571126122914424, -0.06909857374306543, 0.04218454247428735, -0.00992161150124893, 0.0008130972495171034], [-0.00037332909067775463, 8.70395533896159e-05, 6.863519854928603e-05, -2.8271488382360375e-05, 2.8499446391276795e-06, -0.0004578145580973898, 0.010878757624744393, -0.00992161150124893, 0.003098688665647346, -0.0003179081046962925], [-0.00010693072416884735, -3.374062412314235e-05, -8.915708436169142e-08, 2.935338537157912e-06, -3.9542232636978123e-07, -0.00037922954687370276, -0.0005173385028909588, 0.0008130972495171034, -0.0003179081046962925, 3.715257570557598e-05]], [[6.1974436466836, -0.07814806853037783, -0.001474817785552234, 0.003655972147094479, -0.00036965708361531694, -4.702955110857301e-05, 0.6195623335082221, -0.004632091745047375, 0.0036112722075633454, 0.0011435214059012538, -0.0006474165184367141, 6.975006595021906e-05], [-0.07814806853037783, 0.1650573304419179, -0.06242397299980968, 0.0034294058243115725, 0.0024042391302619465, -0.00035214178337756024, 0.02200734853853362, 0.0008948321968687862, 5.27991060059047e-05, -1.096395945728504e-05, 6.983977648907468e-05, -1.2334846541386719e-05], [-0.001474817785552234, -0.06242397299980968, 0.035427785867811694, -0.0037458167650266595, -0.0012995135918537103, 0.00023511116284059884, -0.010012751307131983, 0.001087182330238002, -0.0005590572654745174, 0.00015201592798771619, -4.018811718213906e-05, 4.351458981789946e-06], [0.003655972147094479, 0.0034294058243115725, -0.0037458167650266595, 0.0007182009837423284, 0.00012148526935199079, -3.1962774075404256e-05, -5.9044111544707674e-05, -0.0001772245223367573, 0.0001567661925198294, -5.17395544874159e-05, 6.283068474923563e-06, -1.725120647453999e-07], [-0.00036965708361531694, 0.0024042391302619465, -0.0012995135918537103, 0.00012148526935199079, 5.0037687166673615e-05, -8.431488666111464e-06, 0.0004350388714805155, -1.7161164156773397e-05, -1.8032048746818898e-05, 3.724952077475508e-06, 2.4970811272349077e-06, -4.963113875800045e-07], [-4.702955110857301e-05, -0.00035214178337756024, 0.00023511116284059884, -3.1962774075404256e-05, -8.431488666111464e-06, 1.7396572566214954e-06, -4.047088563669511e-05, 4.893378257121141e-06, 2.3053097291057883e-07, 3.9193354254922524e-07, -5.108326222522268e-07, 8.206301074150146e-08], [0.6195623335082221, 0.02200734853853362, -0.010012751307131983, -5.9044111544707674e-05, 0.0004350388714805155, -4.047088563669511e-05, 7.392183509881456, -0.1043115048580101, 0.013229888724382213, 0.001905526420486426, -0.0008624287007270752, 4.62771693081723e-05], [-0.004632091745047375, 0.0008948321968687862, 0.001087182330238002, -0.0001772245223367573, -1.7161164156773397e-05, 4.893378257121141e-06, -0.1043115048580101, 0.18345736014303, -0.06829651034248661, 0.004280212826377338, 0.0024670250836749024, -0.0003711603973181551], [0.0036112722075633454, 5.27991060059047e-05, -0.0005590572654745174, 0.0001567661925198294, -1.8032048746818898e-05, 2.3053097291057883e-07, 0.013229888724382213, -0.06829651034248661, 0.037916684005346965, -0.004234275129670775, -0.0012971093674224944, 0.0002423926837073256], [0.0011435214059012538, -1.096395945728504e-05, 0.00015201592798771619, -5.17395544874159e-05, 3.724952077475508e-06, 3.9193354254922524e-07, 0.001905526420486426, 0.004280212826377338, -0.004234275129670775, 0.0008106659156833383, 0.00012671110326384623, -3.433271561455092e-05], [-0.0006474165184367141, 6.983977648907468e-05, -4.018811718213906e-05, 6.283068474923563e-06, 2.4970811272349077e-06, -5.108326222522268e-07, -0.0008624287007270752, 0.0024670250836749024, -0.0012971093674224944, 0.00012671110326384623, 4.708213664933049e-05, -8.094746809417988e-06], [6.975006595021906e-05, -1.2334846541386719e-05, 4.351458981789946e-06, -1.725120647453999e-07, -4.963113875800045e-07, 8.206301074150146e-08, 4.62771693081723e-05, -0.0003711603973181551, 0.0002423926837073256, -3.433271561455092e-05, -8.094746809417988e-06, 1.7341613952048912e-06]], [[6.184422615990323, -0.07004620357094674, -0.0013732066672511064, 0.002000057436463222, -2.8546687291167507e-06, -3.701082918622086e-05, -4.561433632588017e-06, 0.6245999343729172, -0.00948117105999725, 0.00504046557742498, 0.00106393958598856, -0.0005683554420294957, 2.3983319509365526e-05, 5.3535062970092114e-06], [-0.07004620357094674, 0.1584197452221016, -0.058016219159508255, 0.0020852321876157045, 0.0016647120225482732, 9.939168892651678e-05, -5.862629830689064e-05, 0.022306796813432617, -0.0014591980926495244, 0.0004485705165921265, 7.010593011544158e-05, 5.935259040469363e-06, 5.667286651881811e-06, -2.136343492618361e-06], [-0.0013732066672511064, -0.058016219159508255, 0.03133445220781117, -0.0030056073987438634, -0.0007899970427705974, 1.4296651454670612e-05, 2.3766380967451056e-05, -0.010101699541321398, 0.0016648178036928753, -0.0002091740122139541, -0.00011276301789598812, 1.0959947340274043e-05, 3.069916638137603e-06, -1.574116986827603e-07], [0.002000057436463222, 0.0020852321876157045, -0.0030056073987438634, 0.0008906995648919548, 1.0923354170584143e-05, -3.085312506512069e-05, 2.466769244038425e-06, -0.0007109331739229662, -0.00015200543404386864, -2.9597030492576354e-05, 5.087978627593748e-05, -4.4036120344044674e-06, -3.882909529008887e-06, 6.372561398892197e-07], [-2.8546687291167507e-06, 0.0016647120225482732, -0.0007899970427705974, 1.0923354170584143e-05, 3.0386539208128986e-05, 3.5279851877739582e-06, -1.380417016153944e-06, 0.0005177358807687219, -3.0256701962922952e-05, 4.781025593499167e-08, -1.3029970813001401e-06, 4.905656308472397e-07, 3.8978115964640717e-07, -8.924096055258734e-08], [-3.701082918622086e-05, 9.939168892651678e-05, 1.4296651454670612e-05, -3.085312506512069e-05, 3.5279851877739582e-06, 1.6087263283268448e-06, -2.7688142687661823e-07, 1.6426166991618275e-05, 3.474192802215734e-06, 3.186072509674006e-06, -3.0402886512393312e-06, 2.824193933917495e-07, 2.4369409558014193e-07, -4.2392705732911546e-08], [-4.561433632588017e-06, -5.862629830689064e-05, 2.3766380967451056e-05, 2.466769244038425e-06, -1.380417016153944e-06, -2.7688142687661823e-07, 7.658704847985932e-08, -1.2143542136648296e-05, -2.3495354965655253e-07, -2.232857097964748e-07, 4.495898993229766e-07, -6.614494244979214e-08, -4.291159721116031e-08, 8.522951085032042e-09], [0.6245999343729172, 0.022306796813432617, -0.010101699541321398, -0.0007109331739229662, 0.0005177358807687219, 1.6426166991618275e-05, -1.2143542136648296e-05, 7.3913255591864155, -0.0994166543936258, 0.013788656057656262, 0.001326693840856891, -0.0006556617526395583, -6.936368329381507e-06, 6.712606688233072e-06], [-0.00948117105999725, -0.0014591980926495244, 0.0016648178036928753, -0.00015200543404386864, -3.0256701962922952e-05, 3.474192802215734e-06, -2.3495354965655253e-07, -0.0994166543936258, 0.18695023376035289, -0.06836591752639982, 0.003515124996608555, 0.0018049674500040193, 6.03612148908294e-05, -5.786700399118829e-05], [0.00504046557742498, 0.0004485705165921265, -0.0002091740122139541, -2.9597030492576354e-05, 4.781025593499167e-08, 3.186072509674006e-06, -2.232857097964748e-07, 0.013788656057656262, -0.06836591752639982, 0.03669931912769883, -0.004200753313138262, -0.0008166963519345895, 6.284803496669812e-05, 1.8775125867645312e-05], [0.00106393958598856, 7.010593011544158e-05, -0.00011276301789598812, 5.087978627593748e-05, -1.3029970813001401e-06, -3.0402886512393312e-06, 4.495898993229766e-07, 0.001326693840856891, 0.003515124996608555, -0.004200753313138262, 0.0012663093132533982, 3.6926127339690065e-06, -4.8158459933368486e-05, 4.748233844058151e-06], [-0.0005683554420294957, 5.935259040469363e-06, 1.0959947340274043e-05, -4.4036120344044674e-06, 4.905656308472397e-07, 2.824193933917495e-07, -6.614494244979214e-08, -0.0006556617526395583, 0.0018049674500040193, -0.0008166963519345895, 3.6926127339690065e-06, 3.2840641712734685e-05, 4.0327417147435635e-06, -1.5201004914403973e-06], [2.3983319509365526e-05, 5.667286651881811e-06, 3.069916638137603e-06, -3.882909529008887e-06, 3.8978115964640717e-07, 2.4369409558014193e-07, -4.291159721116031e-08, -6.936368329381507e-06, 6.03612148908294e-05, 6.284803496669812e-05, -4.8158459933368486e-05, 4.0327417147435635e-06, 2.3910184022103358e-06, -3.8325740752032765e-07], [5.3535062970092114e-06, -2.136343492618361e-06, -1.574116986827603e-07, 6.372561398892197e-07, -8.924096055258734e-08, -4.2392705732911546e-08, 8.522951085032042e-09, 6.712606688233072e-06, -5.786700399118829e-05, 1.8775125867645312e-05, 4.748233844058151e-06, -1.5201004914403973e-06, -3.8325740752032765e-07, 9.34126121150766e-08]], [[6.211130329195671, -0.07609539640267979, 0.0033113137290860135, 0.000552450143840132, -0.0001461090004527106, 5.862013999315784e-05, 1.2801984513816362e-05, -5.3992224058612154e-06, 0.6316798821674778, -0.014519567611862336, 0.007047743148097136, 0.00044746583903844975, -0.0002396145498273328, -1.8985575162118692e-05, -1.638127209505956e-05, 4.175285474571435e-06], [-0.07609539640267979, 0.1808250909488176, -0.07372421743488343, 0.006066147170633726, 0.0017636358919149847, -4.151791391555413e-05, -6.413203153763039e-05, 3.5922429593943165e-06, 0.022910044486703935, -0.004663693355937104, 0.002891673810646702, -0.00030624921159798526, -0.00012367705798100345, 2.961990267520089e-05, 5.7042150864748825e-06, -1.4627070475680506e-06], [0.0033113137290860135, -0.07372421743488343, 0.04561116765223352, -0.006894699727651346, -0.0010817431352847981, 0.0001604207715666672, 5.709909990020487e-05, -8.116574679751177e-06, -0.009359255381428079, 0.004700073642917932, -0.002425505519256392, 0.0002787806352739353, 0.00010454605106273336, -1.7964246224601075e-05, -5.165320123212716e-06, 1.0182039887884362e-06], [0.000552450143840132, 0.006066147170633726, -0.006894699727651346, 0.0019072515014577705, 0.00013924576489515709, -6.715842430958916e-05, -1.3928878837309153e-05, 3.2820869014923113e-06, -0.0006469636645542301, -0.0008808164897004205, 0.0004912443669863569, -5.158375810266905e-05, -2.4361537146714585e-05, 2.785598240816348e-06, 1.1243045999484703e-06, -1.7631655337452835e-07], [-0.0001461090004527106, 0.0017636358919149847, -0.0010817431352847981, 0.00013924576489515709, 2.814850116135229e-05, -2.204052761557929e-06, -1.2100215700059959e-06, 1.0479267896500895e-07, 0.0003253150501746259, -9.446195942394693e-05, 5.1174998681784915e-05, -7.82518018867805e-06, -2.2312134160074017e-06, 4.6160760142425757e-07, 1.3119530408053073e-07, -2.653141080981581e-08], [5.862013999315784e-05, -4.151791391555413e-05, 0.0001604207715666672, -6.715842430958916e-05, -2.204052761557929e-06, 2.7942598046014548e-06, 4.656711772062695e-07, -1.37898758638795e-07, 4.942813727980417e-05, 2.6957934642924043e-05, -1.4504890893913809e-05, 1.2725185704425518e-06, 8.317593861403522e-07, -5.6839247013449255e-08, -3.38659822440581e-08, 3.7832057858150835e-09], [1.2801984513816362e-05, -6.413203153763039e-05, 5.709909990020487e-05, -1.3928878837309153e-05, -1.2100215700059959e-06, 4.656711772062695e-07, 1.0500977458577164e-07, -2.2863678972256692e-08, -1.1934798650331762e-06, 6.824890564481842e-06, -4.496858369492641e-06, 5.51816319307049e-07, 2.1635836140899597e-07, -2.508536449098135e-08, -1.0127862753636107e-08, 1.4686503011326681e-09], [-5.3992224058612154e-06, 3.5922429593943165e-06, -8.116574679751177e-06, 3.2820869014923113e-06, 1.0479267896500895e-07, -1.37898758638795e-07, -2.2863678972256692e-08, 6.880577398830671e-09, -1.7996011388843706e-06, -1.5125013013196369e-06, 9.312588399870823e-07, -8.806175681556633e-08, -4.843088067628496e-08, 2.9446017738660285e-09, 1.898253852518062e-09, -1.7631650423129287e-10], [0.6316798821674778, 0.022910044486703935, -0.009359255381428079, -0.0006469636645542301, 0.0003253150501746259, 4.942813727980417e-05, -1.1934798650331762e-06, -1.7996011388843706e-06, 7.38598467153436, -0.10353195234473106, 0.015841393231185476, 0.0007162800722122196, -0.0008597996542640574, 3.160676047815395e-05, 4.266785898604888e-05, -7.028963825539071e-06], [-0.014519567611862336, -0.004663693355937104, 0.004700073642917932, -0.0008808164897004205, -9.446195942394693e-05, 2.6957934642924043e-05, 6.824890564481842e-06, -1.5125013013196369e-06, -0.10353195234473106, 0.20967358355552757, -0.08546842716124077, 0.008074186753775974, 0.002001677127140823, -0.00011298433663107084, -7.501441025348896e-05, 6.205472397558683e-06], [0.007047743148097136, 0.002891673810646702, -0.002425505519256392, 0.0004912443669863569, 5.1174998681784915e-05, -1.4504890893913809e-05, -4.496858369492641e-06, 9.312588399870823e-07, 0.015841393231185476, -0.08546842716124077, 0.052342079709778985, -0.00835645284613251, -0.0012039576835212126, 0.00020616967170852693, 6.87050497775052e-05, -1.0649955793490162e-05], [0.00044746583903844975, -0.00030624921159798526, 0.0002787806352739353, -5.158375810266905e-05, -7.82518018867805e-06, 1.2725185704425518e-06, 5.51816319307049e-07, -8.806175681556633e-08, 0.0007162800722122196, 0.008074186753775974, -0.00835645284613251, 0.002235891010321989, 0.00016472720605437876, -7.545108361495594e-05, -1.7010886231734708e-05, 3.879009674114841e-06], [-0.0002396145498273328, -0.00012367705798100345, 0.00010454605106273336, -2.4361537146714585e-05, -2.2312134160074017e-06, 8.317593861403522e-07, 2.1635836140899597e-07, -4.843088067628496e-08, -0.0008597996542640574, 0.002001677127140823, -0.0012039576835212126, 0.00016472720605437876, 3.048802415957513e-05, -3.0403591079755958e-06, -1.4227111585640576e-06, 1.5113506891973502e-07], [-1.8985575162118692e-05, 2.961990267520089e-05, -1.7964246224601075e-05, 2.785598240816348e-06, 4.6160760142425757e-07, -5.6839247013449255e-08, -2.508536449098135e-08, 2.9446017738660285e-09, 3.160676047815395e-05, -0.00011298433663107084, 0.00020616967170852693, -7.545108361495594e-05, -3.0403591079755958e-06, 2.9443747467099023e-06, 5.532370941468767e-07, -1.5245230292927472e-07], [-1.638127209505956e-05, 5.7042150864748825e-06, -5.165320123212716e-06, 1.1243045999484703e-06, 1.3119530408053073e-07, -3.38659822440581e-08, -1.0127862753636107e-08, 1.898253852518062e-09, 4.266785898604888e-05, -7.501441025348896e-05, 6.87050497775052e-05, -1.7010886231734708e-05, -1.4227111585640576e-06, 5.532370941468767e-07, 1.3226176711618796e-07, -2.8471734964000064e-08], [4.175285474571435e-06, -1.4627070475680506e-06, 1.0182039887884362e-06, -1.7631655337452835e-07, -2.653141080981581e-08, 3.7832057858150835e-09, 1.4686503011326681e-09, -1.7631650423129287e-10, -7.028963825539071e-06, 6.205472397558683e-06, -1.0649955793490162e-05, 3.879009674114841e-06, 1.5113506891973502e-07, -1.5245230292927472e-07, -2.8471734964000064e-08, 7.94545594090626e-09]]], "B_list": [{"B_d": [[0.006232521327277326], [9.816692146726392e-05], [6.804227324509775e-06]], "B_theta": [4.655103891125418e-06], "B_const": [0.06598796962597345]}, {"B_d": [[0.001056044632736718], [1.2393343400783386e-05], [2.558523967802463e-06]], "B_theta": [2.532078384898807e-06], "B_const": [0.005518323407988194]}, {"B_d": [[9.193173154188298e-05], [2.9320126088926466e-06], [1.7301165264329823e-06]], "B_theta": [3.97419090246665e-07], "B_const": [0.001878279449551569]}, {"B_d": [[0.00010621041340792954], [7.908100378604599e-07], [1.3854776016841454e-06]], "B_theta": [1.621807637412197e-07], "B_const": [0.000700110185752822]}, {"B_d": [[5.9488931196016255e-05], [7.333794333379038e-07], [7.474554843133009e-07]], "B_theta": [8.148642702382647e-08], "B_const": [0.00030109895069418307]}, {"B_d": [[2.976115300514862e-05], [6.881308943549122e-07], [7.623664450308078e-07]], "B_theta": [4.593763022360061e-08], "B_const": [0.0003119399074133368]}, {"B_d": [[5.2836033090765087e-05], [1.1380550007444477e-06], [6.436810986281593e-07]], "B_theta": [6.19953192025733e-08], "B_const": [0.00019581559013999927]}, {"B_d": [[1.6972099974181443e-05], [1.7739468636434748e-06], [4.026973383811691e-07]], "B_theta": [3.335142525771881e-08], "B_const": [0.0001315790179811386]}], "bic_scores": [32.40628570069199, -40.56541969376603, -58.54825285505374, -59.09169518891093, -46.38211439034404, -6.684971236271167, 36.95768437574958, 79.43436749657675], "best_bic": -59.09169518891093, "best_bic_A": [[6.277505941424847, -0.1282588114716731, 0.022031445565077048, -0.0020148403945916193, 0.6346399602318568, -0.015476572151273817, 0.01044526085980769, -0.0014841620519478206], [-0.1282588114716731, 0.15873017056889463, -0.05236804079655085, 0.005590211606725394, 0.022383355900263455, 0.00040697376580163286, 0.00024131006539795743, 2.1916283480059422e-05], [0.022031445565077048, -0.05236804079655085, 0.022808531216400085, -0.0027746503972565168, -0.01274629806211714, 0.0007358176017617503, -0.0001431705352391566, -5.925898726015793e-06], [-0.0020148403945916193, 0.005590211606725394, -0.0027746503972565168, 0.00036350362635242527, 0.001681017011665185, -0.00010398201928506433, 1.4861960597023109e-05, 1.2563684620797754e-06], [0.6346399602318568, 0.022383355900263455, -0.01274629806211714, 0.001681017011665185, 7.447334328560076, -0.1354552460584632, 0.02951241864771293, -0.0032252460579637], [-0.015476572151273817, 0.00040697376580163286, 0.0007358176017617503, -0.00010398201928506433, -0.1354552460584632, 0.17653619882453378, -0.057604017563597065, 0.006256796647516935], [0.01044526085980769, 0.00024131006539795743, -0.0001431705352391566, 1.4861960597023109e-05, 0.02951241864771293, -0.057604017563597065, 0.024256101993995957, -0.0029348479122284195], [-0.0014841620519478206, 2.1916283480059422e-05, -5.925898726015793e-06, 1.2563684620797754e-06, -0.0032252460579637, 0.006256796647516935, -0.0029348479122284195, 0.0003779771178630597]], "best_bic_B": {"B_d": [[0.00010621041340792954], [7.908100378604599e-07], [1.3854776016841454e-06]], "B_theta": [1.621807637412197e-07], "B_const": [0.000700110185752822]}, "best_bic_deg": 4, "best_bic_deg_idx": 3, "aic_scores": [25.65076788423624, -53.23201559962055, -80.50368575853491, -93.71372399824662, -97.04849801376213, -76.77346858199951, -55.93068560051691, -39.63163401845574], "best_aic": -97.04849801376213, "best_aic_A": [[6.193256901320849, -0.09758854879211579, 0.010271797335025422, 0.0019190118650622447, -0.000539068077568498, 0.6274868513521967, -0.011038010780924803, 0.006202927050042606, -0.00037332909067775463, -0.00010693072416884735], [-0.09758854879211579, 0.16656777920786225, -0.06525199480197516, 0.010025717986998611, -0.00044925381413667153, 0.026459698070725877, -0.0027486939325446266, 0.001240003610521562, 8.70395533896159e-05, -3.374062412314235e-05], [0.010271797335025422, -0.06525199480197516, 0.04036464473626816, -0.00938023466039948, 0.0007544040555481596, -0.011193081774093524, 0.0017183870646363352, -0.000694159459361906, 6.863519854928603e-05, -8.915708436169142e-08], [0.0019190118650622447, 0.010025717986998611, -0.00938023466039948, 0.0029298909580858625, -0.00029910842289426894, 0.00047674137929801285, -9.819409610858508e-05, 9.674958911287813e-05, -2.8271488382360375e-05, 2.935338537157912e-06], [-0.000539068077568498, -0.00044925381413667153, 0.0007544040555481596, -0.00029910842289426894, 3.508008067193915e-05, 0.00016205605671586228, -1.929361988016501e-05, -2.071302690844401e-06, 2.8499446391276795e-06, -3.9542232636978123e-07], [0.6274868513521967, 0.026459698070725877, -0.011193081774093524, 0.00047674137929801285, 0.00016205605671586228, 7.397961336415873, -0.11577566985040193, 0.020571126122914424, -0.0004578145580973898, -0.00037922954687370276], [-0.011038010780924803, -0.0027486939325446266, 0.0017183870646363352, -9.819409610858508e-05, -1.929361988016501e-05, -0.11577566985040193, 0.17999632743121705, -0.06909857374306543, 0.010878757624744393, -0.0005173385028909588], [0.006202927050042606, 0.001240003610521562, -0.000694159459361906, 9.674958911287813e-05, -2.071302690844401e-06, 0.020571126122914424, -0.06909857374306543, 0.04218454247428735, -0.00992161150124893, 0.0008130972495171034], [-0.00037332909067775463, 8.70395533896159e-05, 6.863519854928603e-05, -2.8271488382360375e-05, 2.8499446391276795e-06, -0.0004578145580973898, 0.010878757624744393, -0.00992161150124893, 0.003098688665647346, -0.0003179081046962925], [-0.00010693072416884735, -3.374062412314235e-05, -8.915708436169142e-08, 2.935338537157912e-06, -3.9542232636978123e-07, -0.00037922954687370276, -0.0005173385028909588, 0.0008130972495171034, -0.0003179081046962925, 3.715257570557598e-05]], "best_aic_B": {"B_d": [[5.9488931196016255e-05], [7.333794333379038e-07], [7.474554843133009e-07]], "B_theta": [8.148642702382647e-08], "B_const": [0.00030109895069418307]}, "best_aic_deg": 5, "best_aic_deg_idx": 4, "lr": [{"class_name": "PiecewiseConstantDecay", "config": {"boundaries": [1350], "values": [0.005, 0.005], "name": null}}, {"class_name": "PiecewiseConstantDecay", "config": {"boundaries": [1350], "values": [0.005, 0.005], "name": null}}, {"class_name": "PiecewiseConstantDecay", "config": {"boundaries": [1350], "values": [0.005, 0.005], "name": null}}, {"class_name": "PiecewiseConstantDecay", "config": {"boundaries": [1350], "values": [0.005, 0.005], "name": null}}, {"class_name": "PiecewiseConstantDecay", "config": {"boundaries": [1350], "values": [0.005, 0.005], "name": null}}, {"class_name": "PiecewiseConstantDecay", "config": {"boundaries": [1350], "values": [0.005, 0.005], "name": null}}, {"class_name": "PiecewiseConstantDecay", "config": {"boundaries": [1350], "values": [0.005, 0.005], "name": null}}, {"class_name": "PiecewiseConstantDecay", "config": {"boundaries": [1350], "values": [0.005, 0.005], "name": null}}], "optimizer": [{"class_name": "Adam", "config": {"name": "Adam", "learning_rate": 0.002, "decay": 0.0, "beta_1": 0.9, "beta_2": 0.999, "epsilon": 1e-07, "amsgrad": false}}, {"class_name": "Adam", "config": {"name": "Adam", "learning_rate": 0.002, "decay": 0.0, "beta_1": 0.9, "beta_2": 0.999, "epsilon": 1e-07, "amsgrad": false}}, {"class_name": "Adam", "config": {"name": "Adam", "learning_rate": 0.002, "decay": 0.0, "beta_1": 0.9, "beta_2": 0.999, "epsilon": 1e-07, "amsgrad": false}}, {"class_name": "Adam", "config": {"name": "Adam", "learning_rate": 0.002, "decay": 0.0, "beta_1": 0.9, "beta_2": 0.999, "epsilon": 1e-07, "amsgrad": false}}, {"class_name": "Adam", "config": {"name": "Adam", "learning_rate": 0.002, "decay": 0.0, "beta_1": 0.9, "beta_2": 0.999, "epsilon": 1e-07, "amsgrad": false}}, {"class_name": "Adam", "config": {"name": "Adam", "learning_rate": 0.002, "decay": 0.0, "beta_1": 0.9, "beta_2": 0.999, "epsilon": 1e-07, "amsgrad": false}}, {"class_name": "Adam", "config": {"name": "Adam", "learning_rate": 0.002, "decay": 0.0, "beta_1": 0.9, "beta_2": 0.999, "epsilon": 1e-07, "amsgrad": false}}, {"class_name": "Adam", "config": {"name": "Adam", "learning_rate": 0.002, "decay": 0.0, "beta_1": 0.9, "beta_2": 0.999, "epsilon": 1e-07, "amsgrad": false}}], "epochs": 300, "best_epochs": [296, 283, 299, 299, 298, 299, 299, 297], "batch_size": 64}