{"degree": [1, 2, 3, 4, 5, 6, 7, 8], "losses": [96.3294969204397, -38.756636722626055, -102.14210204563705, -143.68159132290097, -171.02708860318555, -173.42531410937482, -184.5549338671382, -196.84939683846326], "A_list": [[[5.922451899338356, 0.6042981037813531], [0.6042981037813531, 7.275674950043636]], [[6.143311924267262, -0.05986578697869652, 0.5782451763614569, -0.006897100901254459], [-0.05986578697869652, 0.012699676865660328, 0.0005145556230327207, 0.0009644803217349851], [0.5782451763614569, 0.0005145556230327207, 7.340473454790987, -0.06272177780676935], [-0.006897100901254459, 0.0009644803217349851, -0.06272177780676935, 0.014436388635643891]], [[6.2566208456596915, -0.09370019280733063, 0.0033262677683889496, 0.6236364120561538, -0.011291670061544516, 0.0005871120035820861], [-0.09370019280733063, 0.049869787800255354, -0.004237184384099991, 0.017822570864134427, 0.0003064074692607581, 2.3257933929123396e-05], [0.0033262677683889496, -0.004237184384099991, 0.00047832525076136413, -0.00208882504420981, 1.1087479435541531e-06, 7.199681911694621e-06], [0.6236364120561538, 0.017822570864134427, -0.00208882504420981, 7.607824336284503, -0.08682369907184893, 0.0017773137074574097], [-0.011291670061544516, 0.0003064074692607581, 1.1087479435541531e-06, -0.08682369907184893, 0.0535549960107029, -0.004458684661657258], [0.0005871120035820861, 2.3257933929123396e-05, 7.199681911694621e-06, 0.0017773137074574097, -0.004458684661657258, 0.0005042562698813864]], [[6.225385274113998, -0.10980662656135474, 0.010885573399727223, -0.0006580986425928871, 0.6267904795150121, 0.0010121222270668292, -0.0027536885079091646, 0.0003036330002974825], [-0.10980662656135474, 0.09199791227432208, -0.019038583222211008, 0.0013151320945832756, 0.0018160089219303335, -0.0010549348012805755, 8.51105400022939e-05, -2.8225163847395913e-06], [0.010885573399727223, -0.019038583222211008, 0.005520114996542242, -0.0004472830079632374, 0.002467102947758197, 0.0004772937921417243, -3.806463342340675e-05, 3.609925815073568e-06], [-0.0006580986425928871, 0.0013151320945832756, -0.0004472830079632374, 3.957135469825837e-05, -0.0004043408037705958, -5.47720866985061e-05, 7.403776954403726e-06, -6.319972684703012e-07], [0.6267904795150121, 0.0018160089219303335, 0.002467102947758197, -0.0004043408037705958, 7.5594150097278945, -0.09453122198444702, 0.0062402387522708155, -0.0003412473201609358], [0.0010121222270668292, -0.0010549348012805755, 0.0004772937921417243, -5.47720866985061e-05, -0.09453122198444702, 0.09907228335475911, -0.020220100562392197, 0.0013855531886554362], [-0.0027536885079091646, 8.51105400022939e-05, -3.806463342340675e-05, 7.403776954403726e-06, 0.0062402387522708155, -0.020220100562392197, 0.0058182224101472856, -0.00046673967891182403], [0.0003036330002974825, -2.8225163847395913e-06, 3.609925815073568e-06, -6.319972684703012e-07, -0.0003412473201609358, 0.0013855531886554362, -0.00046673967891182403, 4.0825361399278894e-05]], [[6.228017283350835, -0.11633477711075037, 0.014277341876963874, -0.0011322062927275336, 1.1550307268045424e-05, 0.653575003767976, -0.0013977131606893141, -0.0011563418081124196, -0.00014462395747624732, 3.49480728379686e-05], [-0.11633477711075037, 0.11049675393545204, -0.02877856938618355, 0.0031294723202910588, -0.00011074384257355821, -0.01394662703755346, 0.0009923298092442503, -0.0005351665588773172, 0.00014877775992004782, -1.2489209196048918e-05], [0.014277341876963874, -0.02877856938618355, 0.011832931437241156, -0.0018622470030171883, 0.00010203806139180513, 0.0066782614593132806, 1.5795754822518187e-05, 3.1536005479431115e-05, -1.843418468240764e-05, 1.8961984975315624e-06], [-0.0011322062927275336, 0.0031294723202910588, -0.0018622470030171883, 0.00038555969442181123, -2.6271713848936468e-05, -0.0009759776662228973, -4.868680948697085e-06, 1.533938092973391e-05, -1.3458688178435361e-06, 3.8177274682314394e-08], [1.1550307268045424e-05, -0.00011074384257355821, 0.00010203806139180513, -2.6271713848936468e-05, 2.0417746984878224e-06, 3.8759475489584995e-05, -1.8345161042734522e-06, -1.5183362137616202e-06, 2.671676313571366e-07, -1.9377383477428332e-08], [0.653575003767976, -0.01394662703755346, 0.0066782614593132806, -0.0009759776662228973, 3.8759475489584995e-05, 7.450244346680548, -0.08056576327409745, 0.002694150763053961, 0.0006901670180260306, -0.00011467811950802568], [-0.0013977131606893141, 0.0009923298092442503, 1.5795754822518187e-05, -4.868680948697085e-06, -1.8345161042734522e-06, -0.08056576327409745, 0.11767043450301291, -0.030262566074118508, 0.0033234021977682103, -0.00012362909858564571], [-0.0011563418081124196, -0.0005351665588773172, 3.1536005479431115e-05, 1.533938092973391e-05, -1.5183362137616202e-06, 0.002694150763053961, -0.030262566074118508, 0.012403279390098325, -0.0019535168087913245, 0.00010791673725572346], [-0.00014462395747624732, 0.00014877775992004782, -1.843418468240764e-05, -1.3458688178435361e-06, 2.671676313571366e-07, 0.0006901670180260306, 0.0033234021977682103, -0.0019535168087913245, 0.00040079555598004717, -2.715021603080795e-05], [3.49480728379686e-05, -1.2489209196048918e-05, 1.8961984975315624e-06, 3.8177274682314394e-08, -1.9377383477428332e-08, -0.00011467811950802568, -0.00012362909858564571, 0.00010791673725572346, -2.715021603080795e-05, 2.080564770581688e-06]], [[6.22032209887531, -0.11063832610928513, 0.011467365992442538, 0.0001459732832382944, -0.00027693410323752064, 2.2212850131178517e-05, 0.655896557331431, -0.0029753005578334107, -0.0004234783105591579, -0.00020497079295511177, 3.5073592976344386e-05, 9.332771420395767e-08], [-0.11063832610928513, 0.10561942947717952, -0.02518597061271051, 0.0007961599092539706, 0.00045745550969377157, -4.405637681276559e-05, -0.01581923017448279, 0.0025634021464470283, -0.0012812501364548334, 0.00017017975117091544, 1.5181107244086362e-05, -3.0898409910005254e-06], [0.011467365992442538, -0.02518597061271051, 0.00922251904050122, -0.0006143559914961556, -0.00015877455623518075, 1.8719597977217135e-05, 0.007769578254463315, -0.0004688407627531069, 0.00025471213801417716, -3.607973755088739e-05, -2.311793506615301e-06, 5.611844803259168e-07], [0.0001459732832382944, 0.0007961599092539706, -0.0006143559914961556, 8.04005548980581e-05, 9.387124444471587e-06, -1.646015063037935e-06, -0.0005564006564390198, -8.848849038963273e-06, 7.180434158166175e-06, 4.0366525620261506e-07, -2.2769549526278146e-07, 1.619048161312224e-08], [-0.00027693410323752064, 0.00045745550969377157, -0.00015877455623518075, 9.387124444471587e-06, 2.845405656708468e-06, -3.153671349062424e-07, -0.00016672901362404832, 1.5656807172356346e-05, -5.845579561410908e-06, 5.56177099948546e-07, 8.194221436984353e-08, -1.211861100205075e-08], [2.2212850131178517e-05, -4.405637681276559e-05, 1.8719597977217135e-05, -1.646015063037935e-06, -3.153671349062424e-07, 4.2625023976614294e-08, 1.9285444844072886e-05, -1.6711725415030762e-06, 4.3848642357263064e-07, -4.0425569885538965e-08, -6.044422045337095e-09, 8.444677574454463e-10], [0.655896557331431, -0.01581923017448279, 0.007769578254463315, -0.0005564006564390198, -0.00016672901362404832, 1.9285444844072886e-05, 7.429024763629074, -0.053263193714662135, -0.00688029569010059, 0.001921610586428083, -0.00017160973419926966, 1.2848986303446212e-06], [-0.0029753005578334107, 0.0025634021464470283, -0.0004688407627531069, -8.848849038963273e-06, 1.5656807172356346e-05, -1.6711725415030762e-06, -0.053263193714662135, 0.11037311044983221, -0.025465682226761006, 0.000744306545793755, 0.00046560003180121725, -4.457826370908621e-05], [-0.0004234783105591579, -0.0012812501364548334, 0.00025471213801417716, 7.180434158166175e-06, -5.845579561410908e-06, 4.3848642357263064e-07, -0.00688029569010059, -0.025465682226761006, 0.00920736631400835, -0.0006011270719380839, -0.0001587180270755107, 1.861037571742428e-05], [-0.00020497079295511177, 0.00017017975117091544, -3.607973755088739e-05, 4.0366525620261506e-07, 5.56177099948546e-07, -4.0425569885538965e-08, 0.001921610586428083, 0.000744306545793755, -0.0006011270719380839, 8.094066865985521e-05, 8.722337826202737e-06, -1.582794606808905e-06], [3.5073592976344386e-05, 1.5181107244086362e-05, -2.311793506615301e-06, -2.2769549526278146e-07, 8.194221436984353e-08, -6.044422045337095e-09, -0.00017160973419926966, 0.00046560003180121725, -0.0001587180270755107, 8.722337826202737e-06, 2.9186011679794432e-06, -3.149472691480022e-07], [9.332771420395767e-08, -3.0898409910005254e-06, 5.611844803259168e-07, 1.619048161312224e-08, -1.211861100205075e-08, 8.444677574454463e-10, 1.2848986303446212e-06, -4.457826370908621e-05, 1.861037571742428e-05, -1.582794606808905e-06, -3.149472691480022e-07, 4.16824806562379e-08]], [[6.211238622454642, -0.10373533466662296, 0.009922425426590858, 0.0002646680437213012, -0.00020735204335977094, -2.3106509471797194e-06, 2.2598355694459265e-06, 0.6575624004752589, -0.005505329756044388, -0.0005127494665412859, -0.00013089923793256056, 1.7210984518690035e-05, 5.826909552764647e-06, -6.534421126637753e-07], [-0.10373533466662296, 0.10375646686396409, -0.024573349944259203, 0.0009419728960431448, 0.000266849210060632, 3.2852467857332642e-06, -3.585223959125805e-06, -0.016710040741941126, 0.0034574155038305182, -0.00106576778350219, 6.187000724389448e-05, 1.7194720807784606e-05, 4.012699978052233e-07, -3.282454096274636e-07], [0.009922425426590858, -0.024573349944259203, 0.009099721798632682, -0.0007958088029335182, -7.957802001580461e-05, 7.202008299743273e-06, 5.734577312754132e-07, 0.007137305502787135, -0.0008696005881586849, 0.0003616690936704564, -4.881273787003768e-05, -1.7077883282577847e-06, 4.6446956472196105e-07, 5.539541659304792e-09], [0.0002646680437213012, 0.0009419728960431448, -0.0007958088029335182, 0.0001757559889978214, -1.5470619536372637e-06, -3.1204787669727693e-06, 2.3746522930811043e-07, -0.00015111823326538438, 0.00011489635645031935, -5.865926486975187e-05, 1.263352576190512e-05, -2.7021343736785075e-07, -2.2000702547369188e-07, 2.0059672581894135e-08], [-0.00020735204335977094, 0.000266849210060632, -7.957802001580461e-05, -1.5470619536372637e-06, 1.6590653976843913e-06, 1.6459731915558713e-07, -3.6327389944714626e-08, -0.0001359002945022696, -1.2370118612608297e-06, 2.04148933054336e-06, -6.091860409614285e-07, 3.137303110295547e-08, 1.6350223024861157e-08, -1.8862073664598505e-09], [-2.3106509471797194e-06, 3.2852467857332642e-06, 7.202008299743273e-06, -3.1204787669727693e-06, 1.6459731915558713e-07, 6.712079251278162e-08, -7.120643826329899e-09, -1.3653472880528756e-05, -1.8479476550252264e-06, 9.329388545678275e-07, -2.071768223530689e-07, 4.517559645124623e-09, 3.963878819564938e-09, -3.7215086413276604e-10], [2.2598355694459265e-06, -3.585223959125805e-06, 5.734577312754132e-07, 2.3746522930811043e-07, -3.6327389944714626e-08, -7.120643826329899e-09, 1.0644224238407207e-09, 3.3257476446548257e-06, 1.5164745070652424e-07, -9.859492195244488e-08, 2.2197608481818137e-08, -5.475980927594064e-10, -4.820970089667768e-10, 4.721034954744578e-11], [0.6575624004752589, -0.016710040741941126, 0.007137305502787135, -0.00015111823326538438, -0.0001359002945022696, -1.3653472880528756e-05, 3.3257476446548257e-06, 7.433138954364761, -0.05450547069454271, -0.0033922389500823423, 0.0005382148239150771, 2.888073708134259e-05, -6.011926467530716e-06, -3.142303410678823e-07], [-0.005505329756044388, 0.0034574155038305182, -0.0008696005881586849, 0.00011489635645031935, -1.2370118612608297e-06, -1.8479476550252264e-06, 1.5164745070652424e-07, -0.05450547069454271, 0.1112461175274514, -0.02571723456321412, 0.0009616965360439663, 0.00027123129708137787, 4.7791164792454615e-06, -3.7780967274132335e-06], [-0.0005127494665412859, -0.00106576778350219, 0.0003616690936704564, -5.865926486975187e-05, 2.04148933054336e-06, 9.329388545678275e-07, -9.859492195244488e-08, -0.0033922389500823423, -0.02571723456321412, 0.009344895363455877, -0.0007989462706617045, -7.993052690035249e-05, 6.6015195421729e-06, 6.329936632521266e-07], [-0.00013089923793256056, 6.187000724389448e-05, -4.881273787003768e-05, 1.263352576190512e-05, -6.091860409614285e-07, -2.071768223530689e-07, 2.2197608481818137e-08, 0.0005382148239150771, 0.0009616965360439663, -0.0007989462706617045, 0.00017538985690180632, -1.7207253872269146e-06, -3.0460848257382666e-06, 2.3298031572997248e-07], [1.7210984518690035e-05, 1.7194720807784606e-05, -1.7077883282577847e-06, -2.7021343736785075e-07, 3.137303110295547e-08, 4.517559645124623e-09, -5.475980927594064e-10, 2.888073708134259e-05, 0.00027123129708137787, -7.993052690035249e-05, -1.7207253872269146e-06, 1.6560110184711405e-06, 1.704145261922312e-07, -3.67721546857662e-08], [5.826909552764647e-06, 4.012699978052233e-07, 4.6446956472196105e-07, -2.2000702547369188e-07, 1.6350223024861157e-08, 3.963878819564938e-09, -4.820970089667768e-10, -6.011926467530716e-06, 4.7791164792454615e-06, 6.6015195421729e-06, -3.0460848257382666e-06, 1.704145261922312e-07, 6.516592925800574e-08, -7.031301234530648e-09], [-6.534421126637753e-07, -3.282454096274636e-07, 5.539541659304792e-09, 2.0059672581894135e-08, -1.8862073664598505e-09, -3.7215086413276604e-10, 4.721034954744578e-11, -3.142303410678823e-07, -3.7780967274132335e-06, 6.329936632521266e-07, 2.3298031572997248e-07, -3.67721546857662e-08, -7.031301234530648e-09, 1.0613476632279336e-09]], [[6.216035586934041, -0.11093916406053651, 0.012266287430645038, -9.310010877533662e-05, -0.00021070682980562857, -2.3801216905817507e-06, 4.345576081957758e-06, -2.6215084577823486e-07, 0.644090568786573, 0.0018282837140250706, -0.0020747578420804154, 7.08447701703812e-05, -5.426677374773099e-05, 9.462860806420126e-06, 2.657899893106991e-06, -3.9294484509179685e-07], [-0.11093916406053651, 0.1144530162079229, -0.029858922587464833, 0.0017649511252224382, 0.00032324833383780326, -1.006641826024158e-05, -5.8718384884488005e-06, 3.425919427442953e-07, -0.013793005823151624, 0.0027015217226324367, -0.0014486616827160364, 0.00025435820945762366, 3.407199852071736e-06, -2.825064517648482e-06, -6.394578488813413e-08, 1.139810695554567e-08], [0.012266287430645038, -0.029858922587464833, 0.012330418935785828, -0.001325898017914507, -0.00012965141815532018, 1.4766475018978088e-05, 3.4325214779487434e-06, -3.603963020311067e-07, 0.005027182526737237, -0.0008348900340891508, 0.0005512640645297714, -0.00011047451481652333, -5.110765151445299e-07, 1.4153879127836885e-06, 1.0763632967965569e-07, -2.1510122834281155e-08], [-9.310010877533662e-05, 0.0017649511252224382, -0.001325898017914507, 0.00025214913489289266, 1.1034073883507302e-05, -3.843332964838699e-06, -5.621928367869772e-07, 8.84025827657038e-08, 0.000333643695931908, 0.0001330561913223131, -7.71910962686048e-05, 1.464081849099439e-05, 3.284090808136337e-07, -2.1237941468853394e-07, -2.4281889929877117e-08, 4.315216674691168e-09], [-0.00021070682980562857, 0.00032324833383780326, -0.00012965141815532018, 1.1034073883507302e-05, 1.5591468273630645e-06, -8.00790567009585e-08, -3.123556105386876e-08, 1.9538390837189904e-09, -0.00012513350246913486, 9.615093770476435e-06, -3.5255599136511726e-06, 6.788518699519932e-07, -1.7991961852934855e-08, -5.785202992179731e-09, 9.434417865864723e-11, 1.4313747515539357e-11], [-2.3801216905817507e-06, -1.006641826024158e-05, 1.4766475018978088e-05, -3.843332964838699e-06, -8.00790567009585e-08, 6.639875183871827e-08, 8.08390537381567e-09, -1.5275616004585227e-09, -1.9194731359341804e-05, -2.948218134169431e-06, 1.0466914685297279e-06, -1.1871116616961672e-07, -9.872783031477439e-09, 1.4209650124478704e-09, 2.8294004023463984e-10, -3.063892090857242e-11], [4.345576081957758e-06, -5.8718384884488005e-06, 3.4325214779487434e-06, -5.621928367869772e-07, -3.123556105386876e-08, 8.08390537381567e-09, 1.3050624834103742e-09, -1.875127003921617e-10, 9.890785318856233e-07, -4.714254785054843e-07, 1.9955901655039632e-07, -3.429605836851077e-08, -6.938128764899532e-10, 4.698904550574759e-10, 4.986790756620869e-11, -9.125222083569054e-12], [-2.6215084577823486e-07, 3.425919427442953e-07, -3.603963020311067e-07, 8.84025827657038e-08, 1.9538390837189904e-09, -1.5275616004585227e-09, -1.875127003921617e-10, 3.550363683237138e-11, 3.216173374745395e-07, 7.63603304715464e-08, -2.9906745807060244e-08, 3.972793079880985e-09, 2.5061491256524e-10, -5.621958461731678e-11, -9.004198472954726e-12, 1.2608897273339066e-12], [0.644090568786573, -0.013793005823151624, 0.005027182526737237, 0.000333643695931908, -0.00012513350246913486, -1.9194731359341804e-05, 9.890785318856233e-07, 3.216173374745395e-07, 7.421558814496643, -0.05002591674473446, -0.005328064617013336, 0.0009439640918641766, -0.0001054784509004137, 3.4462593253523476e-06, 4.674938061109463e-06, -6.475505954236826e-07], [0.0018282837140250706, 0.0027015217226324367, -0.0008348900340891508, 0.0001330561913223131, 9.615093770476435e-06, -2.948218134169431e-06, -4.714254785054843e-07, 7.63603304715464e-08, -0.05002591674473446, 0.123848196181194, -0.03153823450463548, 0.0017943461707482676, 0.00033557688114958936, -1.0292480768542379e-05, -5.683140450115848e-06, 3.0965555509998796e-07], [-0.0020747578420804154, -0.0014486616827160364, 0.0005512640645297714, -7.71910962686048e-05, -3.5255599136511726e-06, 1.0466914685297279e-06, 1.9955901655039632e-07, -2.9906745807060244e-08, -0.005328064617013336, -0.03153823450463548, 0.012773437266341855, -0.001346018182495228, -0.0001316362716480277, 1.503271547350978e-05, 3.3368598945027646e-06, -3.5042390240838826e-07], [7.08447701703812e-05, 0.00025435820945762366, -0.00011047451481652333, 1.464081849099439e-05, 6.788518699519932e-07, -1.1871116616961672e-07, -3.429605836851077e-08, 3.972793079880985e-09, 0.0009439640918641766, 0.0017943461707482676, -0.001346018182495228, 0.00025527390199392, 1.1068627146391506e-05, -3.941648717378898e-06, -5.533628052839112e-07, 8.875660655002524e-08], [-5.426677374773099e-05, 3.407199852071736e-06, -5.110765151445299e-07, 3.284090808136337e-07, -1.7991961852934855e-08, -9.872783031477439e-09, -6.938128764899532e-10, 2.5061491256524e-10, -0.0001054784509004137, 0.00033557688114958936, -0.0001316362716480277, 1.1068627146391506e-05, 1.5561106580691077e-06, -8.103231129283019e-08, -3.009411538610704e-08, 1.837587989568753e-09], [9.462860806420126e-06, -2.825064517648482e-06, 1.4153879127836885e-06, -2.1237941468853394e-07, -5.785202992179731e-09, 1.4209650124478704e-09, 4.698904550574759e-10, -5.621958461731678e-11, 3.4462593253523476e-06, -1.0292480768542379e-05, 1.503271547350978e-05, -3.941648717378898e-06, -8.103231129283019e-08, 6.912326260428777e-08, 8.125388930624807e-09, -1.5662740227288237e-09], [2.657899893106991e-06, -6.394578488813413e-08, 1.0763632967965569e-07, -2.4281889929877117e-08, 9.434417865864723e-11, 2.8294004023463984e-10, 4.986790756620869e-11, -9.004198472954726e-12, 4.674938061109463e-06, -5.683140450115848e-06, 3.3368598945027646e-06, -5.533628052839112e-07, -3.009411538610704e-08, 8.125388930624807e-09, 1.2514233618979524e-09, -1.8405703236874626e-10], [-3.9294484509179685e-07, 1.139810695554567e-08, -2.1510122834281155e-08, 4.315216674691168e-09, 1.4313747515539357e-11, -3.063892090857242e-11, -9.125222083569054e-12, 1.2608897273339066e-12, -6.475505954236826e-07, 3.0965555509998796e-07, -3.5042390240838826e-07, 8.875660655002524e-08, 1.837587989568753e-09, -1.5662740227288237e-09, -1.8405703236874626e-10, 3.581374304270958e-11]]], "B_list": [{"B_d": [[0.09301496555355637], [1.9059155669061173e-05], [8.247454272193082e-06]], "B_theta": [3.5717429241446096e-06], "B_const": [0.20528577695629244]}, {"B_d": [[0.0025391712277166877], [1.881382852997743e-05], [2.1244305939364706e-06]], "B_theta": [1.0050705079472343e-05], "B_const": [0.01959922660480608]}, {"B_d": [[0.000942945580066223], [8.013736205002883e-07], [1.3332013031988988e-06]], "B_theta": [2.638603826737046e-06], "B_const": [0.0059847181607986764]}, {"B_d": [[0.00011958311077038113], [3.322116382278777e-06], [9.371919357728651e-07]], "B_theta": [5.366342500054452e-07], "B_const": [0.002858740399835584]}, {"B_d": [[4.1691018158131104e-05], [1.1523415205291094e-05], [5.896249416640743e-07]], "B_theta": [9.55594638902473e-08], "B_const": [0.0015424315561929998]}, {"B_d": [[0.0001152930385289888], [3.125712967619469e-07], [9.758881451353666e-07]], "B_theta": [7.826298962174405e-08], "B_const": [0.0015199179183829408]}, {"B_d": [[0.00017192195552907352], [2.488527734042425e-07], [9.351818602693355e-07]], "B_theta": [5.935381005554945e-08], "B_const": [0.0010035198424800148]}, {"B_d": [[0.00019095712971002149], [3.252818936549555e-07], [7.300830630406348e-07]], "B_theta": [3.4982421406403953e-08], "B_const": [0.0008249050737859647]}], "bic_scores": [112.7068751693281, -8.0490525059603, -48.91562273674974, -59.747527797347914, -48.19675173652253, -3.5100147771576644, 40.63401705507732, 91.80189479819481], "best_bic": -59.747527797347914, "best_bic_A": [[6.225385274113998, -0.10980662656135474, 0.010885573399727223, -0.0006580986425928871, 0.6267904795150121, 0.0010121222270668292, -0.0027536885079091646, 0.0003036330002974825], [-0.10980662656135474, 0.09199791227432208, -0.019038583222211008, 0.0013151320945832756, 0.0018160089219303335, -0.0010549348012805755, 8.51105400022939e-05, -2.8225163847395913e-06], [0.010885573399727223, -0.019038583222211008, 0.005520114996542242, -0.0004472830079632374, 0.002467102947758197, 0.0004772937921417243, -3.806463342340675e-05, 3.609925815073568e-06], [-0.0006580986425928871, 0.0013151320945832756, -0.0004472830079632374, 3.957135469825837e-05, -0.0004043408037705958, -5.47720866985061e-05, 7.403776954403726e-06, -6.319972684703012e-07], [0.6267904795150121, 0.0018160089219303335, 0.002467102947758197, -0.0004043408037705958, 7.5594150097278945, -0.09453122198444702, 0.0062402387522708155, -0.0003412473201609358], [0.0010121222270668292, -0.0010549348012805755, 0.0004772937921417243, -5.47720866985061e-05, -0.09453122198444702, 0.09907228335475911, -0.020220100562392197, 0.0013855531886554362], [-0.0027536885079091646, 8.51105400022939e-05, -3.806463342340675e-05, 7.403776954403726e-06, 0.0062402387522708155, -0.020220100562392197, 0.0058182224101472856, -0.00046673967891182403], [0.0003036330002974825, -2.8225163847395913e-06, 3.609925815073568e-06, -6.319972684703012e-07, -0.0003412473201609358, 0.0013855531886554362, -0.00046673967891182403, 4.0825361399278894e-05]], "best_bic_B": {"B_d": [[0.00011958311077038113], [3.322116382278777e-06], [9.371919357728651e-07]], "B_theta": [5.366342500054452e-07], "B_const": [0.002858740399835584]}, "best_bic_deg": 4, "best_bic_deg_idx": 3, "aic_scores": [104.3294969204397, -23.756636722626055, -76.14210204563705, -102.68159132290097, -111.02708860318555, -90.42531410937482, -74.5549338671382, -55.849396838463264], "best_aic": -111.02708860318555, "best_aic_A": [[6.228017283350835, -0.11633477711075037, 0.014277341876963874, -0.0011322062927275336, 1.1550307268045424e-05, 0.653575003767976, -0.0013977131606893141, -0.0011563418081124196, -0.00014462395747624732, 3.49480728379686e-05], [-0.11633477711075037, 0.11049675393545204, -0.02877856938618355, 0.0031294723202910588, -0.00011074384257355821, -0.01394662703755346, 0.0009923298092442503, -0.0005351665588773172, 0.00014877775992004782, -1.2489209196048918e-05], [0.014277341876963874, -0.02877856938618355, 0.011832931437241156, -0.0018622470030171883, 0.00010203806139180513, 0.0066782614593132806, 1.5795754822518187e-05, 3.1536005479431115e-05, -1.843418468240764e-05, 1.8961984975315624e-06], [-0.0011322062927275336, 0.0031294723202910588, -0.0018622470030171883, 0.00038555969442181123, -2.6271713848936468e-05, -0.0009759776662228973, -4.868680948697085e-06, 1.533938092973391e-05, -1.3458688178435361e-06, 3.8177274682314394e-08], [1.1550307268045424e-05, -0.00011074384257355821, 0.00010203806139180513, -2.6271713848936468e-05, 2.0417746984878224e-06, 3.8759475489584995e-05, -1.8345161042734522e-06, -1.5183362137616202e-06, 2.671676313571366e-07, -1.9377383477428332e-08], [0.653575003767976, -0.01394662703755346, 0.0066782614593132806, -0.0009759776662228973, 3.8759475489584995e-05, 7.450244346680548, -0.08056576327409745, 0.002694150763053961, 0.0006901670180260306, -0.00011467811950802568], [-0.0013977131606893141, 0.0009923298092442503, 1.5795754822518187e-05, -4.868680948697085e-06, -1.8345161042734522e-06, -0.08056576327409745, 0.11767043450301291, -0.030262566074118508, 0.0033234021977682103, -0.00012362909858564571], [-0.0011563418081124196, -0.0005351665588773172, 3.1536005479431115e-05, 1.533938092973391e-05, -1.5183362137616202e-06, 0.002694150763053961, -0.030262566074118508, 0.012403279390098325, -0.0019535168087913245, 0.00010791673725572346], [-0.00014462395747624732, 0.00014877775992004782, -1.843418468240764e-05, -1.3458688178435361e-06, 2.671676313571366e-07, 0.0006901670180260306, 0.0033234021977682103, -0.0019535168087913245, 0.00040079555598004717, -2.715021603080795e-05], [3.49480728379686e-05, -1.2489209196048918e-05, 1.8961984975315624e-06, 3.8177274682314394e-08, -1.9377383477428332e-08, -0.00011467811950802568, -0.00012362909858564571, 0.00010791673725572346, -2.715021603080795e-05, 2.080564770581688e-06]], "best_aic_B": {"B_d": [[4.1691018158131104e-05], [1.1523415205291094e-05], [5.896249416640743e-07]], "B_theta": [9.55594638902473e-08], "B_const": [0.0015424315561929998]}, "best_aic_deg": 5, "best_aic_deg_idx": 4, "lr": [{"class_name": "PiecewiseConstantDecay", "config": {"boundaries": [1350], "values": [0.005, 0.005], "name": null}}, {"class_name": "PiecewiseConstantDecay", "config": {"boundaries": [1350], "values": [0.005, 0.005], "name": null}}, {"class_name": "PiecewiseConstantDecay", "config": {"boundaries": [1350], "values": [0.005, 0.005], "name": null}}, {"class_name": "PiecewiseConstantDecay", "config": {"boundaries": [1350], "values": [0.005, 0.005], "name": null}}, {"class_name": "PiecewiseConstantDecay", "config": {"boundaries": [1350], "values": [0.005, 0.005], "name": null}}, {"class_name": "PiecewiseConstantDecay", "config": {"boundaries": [1350], "values": [0.005, 0.005], "name": null}}, {"class_name": "PiecewiseConstantDecay", "config": {"boundaries": [1350], "values": [0.005, 0.005], "name": null}}, {"class_name": "PiecewiseConstantDecay", "config": {"boundaries": [1350], "values": [0.005, 0.005], "name": null}}], "optimizer": [{"class_name": "Adam", "config": {"name": "Adam", "learning_rate": 0.002, "decay": 0.0, "beta_1": 0.9, "beta_2": 0.999, "epsilon": 1e-07, "amsgrad": false}}, {"class_name": "Adam", "config": {"name": "Adam", "learning_rate": 0.002, "decay": 0.0, "beta_1": 0.9, "beta_2": 0.999, "epsilon": 1e-07, "amsgrad": false}}, {"class_name": "Adam", "config": {"name": "Adam", "learning_rate": 0.002, "decay": 0.0, "beta_1": 0.9, "beta_2": 0.999, "epsilon": 1e-07, "amsgrad": false}}, {"class_name": "Adam", "config": {"name": "Adam", "learning_rate": 0.002, "decay": 0.0, "beta_1": 0.9, "beta_2": 0.999, "epsilon": 1e-07, "amsgrad": false}}, {"class_name": "Adam", "config": {"name": "Adam", "learning_rate": 0.002, "decay": 0.0, "beta_1": 0.9, "beta_2": 0.999, "epsilon": 1e-07, "amsgrad": false}}, {"class_name": "Adam", "config": {"name": "Adam", "learning_rate": 0.002, "decay": 0.0, "beta_1": 0.9, "beta_2": 0.999, "epsilon": 1e-07, "amsgrad": false}}, {"class_name": "Adam", "config": {"name": "Adam", "learning_rate": 0.002, "decay": 0.0, "beta_1": 0.9, "beta_2": 0.999, "epsilon": 1e-07, "amsgrad": false}}, {"class_name": "Adam", "config": {"name": "Adam", "learning_rate": 0.002, "decay": 0.0, "beta_1": 0.9, "beta_2": 0.999, "epsilon": 1e-07, "amsgrad": false}}], "epochs": 400, "best_epochs": [394, 327, 390, 363, 399, 397, 398, 397], "batch_size": 64}