{"degree": [1, 2, 3, 4, 5, 6, 7, 8], "losses": [143.95650413548128, -15.877794841919798, -94.2705833716407, -142.55833046287287, -176.97140676935916, -178.72976491092243, -197.27023625363185, -205.83425027460524], "A_list": [[[6.005751190194722, 0.598158054029555], [0.598158054029555, 7.183843306708356]], [[6.436925435107965, -0.06960100751245622, 0.6518457317946922, -0.008178410153444438], [-0.06960100751245622, 0.011703225478993263, -0.0030954584925028087, 0.0010366207139443464], [0.6518457317946922, -0.0030954584925028087, 7.596778420467841, -0.063066781839427], [-0.008178410153444438, 0.0010366207139443464, -0.063066781839427, 0.012451793621330334]], [[6.4173412502045055, -0.09531569011580694, 0.0022747246649944763, 0.65711263176313, -0.007912003581868445, -9.698426148471126e-05], [-0.09531569011580694, 0.044752544198270613, -0.0033198394885653173, -0.011452640969398726, 0.0024650570019404496, -0.0001182590584314991], [0.0022747246649944763, -0.0033198394885653173, 0.00033183456073439244, 0.0009056576569083944, -0.0001587085214054363, 1.3052720565821413e-05], [0.65711263176313, -0.011452640969398726, 0.0009056576569083944, 7.583760108589964, -0.09245233243192633, 0.0023732845550100043], [-0.007912003581868445, 0.0024650570019404496, -0.0001587085214054363, -0.09245233243192633, 0.0465390678699359, -0.00329688194905758], [-9.698426148471126e-05, -0.0001182590584314991, 1.3052720565821413e-05, 0.0023732845550100043, -0.00329688194905758, 0.00031572673532489305]], [[6.382594907991091, -0.11048293148017677, 0.0078020198331229295, -0.0003624108976300417, 0.649349814753594, -0.002819531742895586, -0.0013554948422388644, 9.498237473465923e-05], [-0.11048293148017677, 0.08789926879001768, -0.01567783862797923, 0.000915695895101527, -0.004852369236901437, 0.0031435538151125698, -0.0004407535661408931, 2.735635788151816e-05], [0.0078020198331229295, -0.01567783862797923, 0.0038015951442655765, -0.0002571735252762347, -6.432766821648746e-05, -0.0007957963000145082, 0.00020499999485163232, -1.5243372238097574e-05], [-0.0003624108976300417, 0.000915695895101527, -0.0002571735252762347, 1.8963178302840094e-05, 8.114426308504985e-05, 4.5711222975818395e-05, -1.3879352921278402e-05, 1.096460403107918e-06], [0.649349814753594, -0.004852369236901437, -6.432766821648746e-05, 8.114426308504985e-05, 7.536191528269963, -0.10576713453489005, 0.00813837272286599, -0.0004307118103848408], [-0.002819531742895586, 0.0031435538151125698, -0.0007957963000145082, 4.5711222975818395e-05, -0.10576713453489005, 0.0851620302827243, -0.015021891732153363, 0.000890156805640413], [-0.0013554948422388644, -0.0004407535661408931, 0.00020499999485163232, -1.3879352921278402e-05, 0.00813837272286599, -0.015021891732153363, 0.0037577084896623842, -0.00026120235323935366], [9.498237473465923e-05, 2.735635788151816e-05, -1.5243372238097574e-05, 1.096460403107918e-06, -0.0004307118103848408, 0.000890156805640413, -0.00026120235323935366, 1.9787177478753023e-05]], [[6.376130324664371, -0.10848430307964319, 0.010044968611891986, -0.0008981419495992282, 2.6787953422013688e-05, 0.6278990456303876, -0.0031249964725692725, -0.0006963881546128509, -3.580347908072051e-05, 9.206248896178873e-06], [-0.10848430307964319, 0.0971145146793301, -0.02187516529167057, 0.0021145814570364694, -7.099962933715397e-05, 0.004317651464553027, 0.004807293308069814, -0.0011067125205012106, 0.0001635082619080161, -9.609620177416406e-06], [0.010044968611891986, -0.02187516529167057, 0.007850115221187422, -0.0010849732400384008, 5.2633812670890396e-05, -0.003344968422123755, -0.0011361136365690752, 0.00036062873401951275, -4.8643615359190146e-05, 2.384324982623314e-06], [-0.0008981419495992282, 0.0021145814570364694, -0.0010849732400384008, 0.0001934749174952761, -1.1325077161768893e-05, 0.0007324542137685333, 6.436362832438282e-05, -3.063489912042984e-05, 5.4249760702582955e-06, -3.230555042494028e-07], [2.6787953422013688e-05, -7.099962933715397e-05, 5.2633812670890396e-05, -1.1325077161768893e-05, 7.406872991096418e-07, -4.705837546206405e-05, 4.146916517005602e-07, 5.549750953137104e-07, -1.9194258540897211e-07, 1.5377758403537775e-08], [0.6278990456303876, 0.004317651464553027, -0.003344968422123755, 0.0007324542137685333, -4.705837546206405e-05, 7.477730782826761, -0.09730381748293912, 0.007866778354291313, -0.00035170120047432795, -1.8166564422859157e-05], [-0.0031249964725692725, 0.004807293308069814, -0.0011361136365690752, 6.436362832438282e-05, 4.146916517005602e-07, -0.09730381748293912, 0.09840602613917228, -0.022543607950886207, 0.002278051183875215, -8.201150830381673e-05], [-0.0006963881546128509, -0.0011067125205012106, 0.00036062873401951275, -3.063489912042984e-05, 5.549750953137104e-07, 0.007866778354291313, -0.022543607950886207, 0.008171901159215707, -0.001131900732853584, 5.4899282891513326e-05], [-3.580347908072051e-05, 0.0001635082619080161, -4.8643615359190146e-05, 5.4249760702582955e-06, -1.9194258540897211e-07, -0.00035170120047432795, 0.002278051183875215, -0.001131900732853584, 0.0001971902218599495, -1.1396516119609159e-05], [9.206248896178873e-06, -9.609620177416406e-06, 2.384324982623314e-06, -3.230555042494028e-07, 1.5377758403537775e-08, -1.8166564422859157e-05, -8.201150830381673e-05, 5.4899282891513326e-05, -1.1396516119609159e-05, 7.366720443277225e-07]], [[6.357803168064553, -0.09561742183806195, 0.006037240041311179, 0.0002840050451887454, -0.0001835113004521967, 1.3603233197007186e-05, 0.6154247088023914, 0.002891295944440039, -0.0024459676680262253, 0.0002718102393936011, -3.437219024982949e-05, 2.7410063072328496e-06], [-0.09561742183806195, 0.09138770073818028, -0.018261339281300762, 0.0004688166302500133, 0.000246329183209474, -2.0345819779909218e-05, 0.009724673508856668, 0.0025586675453862368, -0.00018719838327513086, -2.060175891620736e-05, 8.292302605333355e-06, -7.130449386773602e-07], [0.006037240041311179, -0.018261339281300762, 0.005734832758240523, -0.0003366720541862186, -7.139532993615537e-05, 7.318977531158173e-06, -0.005038367576766408, -0.00017242343552490477, -2.2517567260133182e-05, 1.565386957135619e-05, -1.9774629080331997e-06, 8.411276750453315e-08], [0.0002840050451887454, 0.0004688166302500133, -0.0003366720541862186, 4.0768599204604764e-05, 3.3664368395241118e-06, -5.508804189776502e-07, 0.0005425336438332405, -7.860128119510926e-05, 2.0393249569403012e-05, -1.8174086821757652e-06, -6.57278233700113e-08, 1.2923714988289479e-08], [-0.0001835113004521967, 0.000246329183209474, -7.139532993615537e-05, 3.3664368395241118e-06, 9.606071709849555e-07, -8.89057047844466e-08, 4.576942568749985e-05, 7.739712006963488e-06, -5.825308692010991e-07, -1.3058173022221269e-07, 2.520026611907183e-08, -1.5598693164064007e-09], [1.3603233197007186e-05, -2.0345819779909218e-05, 7.318977531158173e-06, -5.508804189776502e-07, -8.89057047844466e-08, 1.0252662823537809e-08, -7.090936858740303e-06, 4.448835389955066e-08, -1.481634711485005e-07, 2.3775793760546398e-08, -5.323488696915527e-10, -3.4484611415317885e-11], [0.6154247088023914, 0.009724673508856668, -0.005038367576766408, 0.0005425336438332405, 4.576942568749985e-05, -7.090936858740303e-06, 7.4631196533718525, -0.08814961157995628, 0.004132415572411553, 0.00048747861865405405, -0.00012511576978354517, 6.0307940679117426e-06], [0.002891295944440039, 0.0025586675453862368, -0.00017242343552490477, -7.860128119510926e-05, 7.739712006963488e-06, 4.448835389955066e-08, -0.08814961157995628, 0.09602569829538131, -0.01991908674507408, 0.0006840389116051535, 0.00024323114862356607, -2.1094774982870756e-05], [-0.0024459676680262253, -0.00018719838327513086, -2.2517567260133182e-05, 2.0393249569403012e-05, -5.825308692010991e-07, -1.481634711485005e-07, 0.004132415572411553, -0.01991908674507408, 0.006348239374210948, -0.0003950704509211703, -7.280116029335175e-05, 7.646216299809584e-06], [0.0002718102393936011, -2.060175891620736e-05, 1.565386957135619e-05, -1.8174086821757652e-06, -1.3058173022221269e-07, 2.3775793760546398e-08, 0.00048747861865405405, 0.0006840389116051535, -0.0003950704509211703, 4.3554491292399405e-05, 3.821317029601857e-06, -5.917633432530136e-07], [-3.437219024982949e-05, 8.292302605333355e-06, -1.9774629080331997e-06, -6.57278233700113e-08, 2.520026611907183e-08, -5.323488696915527e-10, -0.00012511576978354517, 0.00024323114862356607, -7.280116029335175e-05, 3.821317029601857e-06, 9.020078305162758e-07, -8.586814602328561e-08], [2.7410063072328496e-06, -7.130449386773602e-07, 8.411276750453315e-08, 1.2923714988289479e-08, -1.5598693164064007e-09, -3.4484611415317885e-11, 6.0307940679117426e-06, -2.1094774982870756e-05, 7.646216299809584e-06, -5.917633432530136e-07, -8.586814602328561e-08, 1.0122917059952326e-08]], [[6.363354126963296, -0.10304813709770791, 0.008271731889343945, -0.00017624698617368107, -0.00010756085876331177, 7.1885528430240865e-06, 1.9636543847544266e-07, 0.6213819278964904, -0.00022387129369846396, -0.0011336110257770045, -9.59229167219407e-06, 6.845370492750356e-06, -1.4935564090443605e-06, 2.2237027989362064e-07], [-0.10304813709770791, 0.09791847001615744, -0.021195138614893933, 0.001087079578404357, 0.00014772632082274818, -7.958473070687523e-06, -7.061502650123636e-07, 0.01286644227545141, 0.002280298138923804, -5.7708807403394736e-05, -2.5107728107615607e-05, 1.080458355515147e-06, 8.477844846401795e-07, -9.394109319397133e-08], [0.008271731889343945, -0.021195138614893933, 0.0072879686014371906, -0.0007175717596199608, -3.392123320987159e-05, 7.4016810623907786e-06, -1.561941492888145e-07, -0.0049513955436091, -1.2814619057845941e-05, -0.00010166116853631896, 2.3782855960360266e-05, 4.898269026377631e-07, -5.379677928189891e-07, 3.728150748339755e-08], [-0.00017624698617368107, 0.001087079578404357, -0.0007175717596199608, 0.000137482427784577, -1.6878205931977068e-06, -1.8237818802619368e-06, 1.2899056067432633e-07, 0.00033988265193466837, -0.00010740881795844444, 4.2011017121698876e-05, -5.7930892199897415e-06, -2.129402075177018e-07, 1.02612711488068e-07, -5.557112303739228e-09], [-0.00010756085876331177, 0.00014772632082274818, -3.392123320987159e-05, -1.6878205931977068e-06, 6.529047487738612e-07, 5.6021981711886314e-08, -1.0128904392462588e-08, 6.191627634101209e-05, 4.284644162152416e-06, -1.0916923030321248e-06, 1.7062438322293118e-07, 2.593149585627657e-09, -2.109060174602085e-09, 7.321952352005673e-11], [7.1885528430240865e-06, -7.958473070687523e-06, 7.4016810623907786e-06, -1.8237818802619368e-06, 5.6021981711886314e-08, 2.6130509918243242e-08, -2.1840883581732694e-09, -3.0258662551298148e-06, 1.1606213970123406e-06, -5.553072704688874e-07, 8.578819207067866e-08, 1.4741897745896733e-09, -1.5474562297780219e-09, 9.984665585128976e-11], [1.9636543847544266e-07, -7.061502650123636e-07, -1.561941492888145e-07, 1.2899056067432633e-07, -1.0128904392462588e-08, -2.1840883581732694e-09, 2.430665633489965e-10, -4.252758752764902e-07, -6.827825322864363e-08, 3.5978775927143615e-08, -7.31779892239673e-09, 4.5041417654804126e-11, 1.3103952402012306e-10, -9.352484349585435e-12], [0.6213819278964904, 0.01286644227545141, -0.0049513955436091, 0.00033988265193466837, 6.191627634101209e-05, -3.0258662551298148e-06, -4.252758752764902e-07, 7.5121258518539, -0.09309244213101397, 0.006687723075150241, -0.00019345688307073605, -4.481796578800755e-05, 3.8114765286272633e-06, -1.5505198698120504e-07], [-0.00022387129369846396, 0.002280298138923804, -1.2814619057845941e-05, -0.00010740881795844444, 4.284644162152416e-06, 1.1606213970123406e-06, -6.827825322864363e-08, -0.09309244213101397, 0.1013603650561264, -0.021890813924909942, 0.0011183294145540577, 0.00015052597558238366, -7.173501545098199e-06, -8.099341775441086e-07], [-0.0011336110257770045, -5.7708807403394736e-05, -0.00010166116853631896, 4.2011017121698876e-05, -1.0916923030321248e-06, -5.553072704688874e-07, 3.5978775927143615e-08, 0.006687723075150241, -0.021890813924909942, 0.007368149835197887, -0.0006851298921176938, -3.726591512022498e-05, 6.8251977349906626e-06, -9.29891134453499e-08], [-9.59229167219407e-06, -2.5107728107615607e-05, 2.3782855960360266e-05, -5.7930892199897415e-06, 1.7062438322293118e-07, 8.578819207067866e-08, -7.31779892239673e-09, -0.00019345688307073605, 0.0011183294145540577, -0.0006851298921176938, 0.00012732258960826474, -1.1804625246976711e-06, -1.7378356296872005e-06, 1.215479368560426e-07], [6.845370492750356e-06, 1.080458355515147e-06, 4.898269026377631e-07, -2.129402075177018e-07, 2.593149585627657e-09, 1.4741897745896733e-09, 4.5041417654804126e-11, -4.481796578800755e-05, 0.00015052597558238366, -3.726591512022498e-05, -1.1804625246976711e-06, 6.318086058758996e-07, 5.4571032410404976e-08, -9.959796484260774e-09], [-1.4935564090443605e-06, 8.477844846401795e-07, -5.379677928189891e-07, 1.02612711488068e-07, -2.109060174602085e-09, -1.5474562297780219e-09, 1.3103952402012306e-10, 3.8114765286272633e-06, -7.173501545098199e-06, 6.8251977349906626e-06, -1.7378356296872005e-06, 5.4571032410404976e-08, 2.6195339987116473e-08, -2.22453028108102e-09], [2.2237027989362064e-07, -9.394109319397133e-08, 3.728150748339755e-08, -5.557112303739228e-09, 7.321952352005673e-11, 9.984665585128976e-11, -9.352484349585435e-12, -1.5505198698120504e-07, -8.099341775441086e-07, -9.29891134453499e-08, 1.215479368560426e-07, -9.959796484260774e-09, -2.22453028108102e-09, 2.487926962820905e-10]], [[6.355708384573587, -0.10574969860517343, 0.008905828450768784, -0.00022353280836384125, -0.0001290331283311967, 4.412567350970955e-06, 1.9616415112890126e-06, -1.4992577412529977e-07, 0.6179147874072954, -0.002029121544987712, -0.0012249278984527241, 6.767017479502499e-05, 1.2302933331696098e-06, 2.2117886261937513e-07, -2.2804496857201661e-07, 2.6034118953927613e-08], [-0.10574969860517343, 0.10149614379828131, -0.022795019906170274, 0.0011661616951733134, 0.00019304739649418298, -6.930711382168653e-06, -2.672700801171064e-06, 1.6140943366967965e-07, 0.01423964284654286, 0.003640123049988987, -0.0003379686498359679, -3.4565630318845883e-05, 3.753914445634505e-06, 8.90141161769892e-07, -1.5554663319394526e-08, -1.0793041026658168e-08], [0.008905828450768784, -0.022795019906170274, 0.008245845730450984, -0.0007785999454740819, -6.628594911415972e-05, 7.0187374661093e-06, 1.3011474853373932e-06, -1.2431170540054425e-07, -0.005652147948355774, -0.00035269971110080584, 3.1083653173918836e-05, 6.392842269323571e-06, 8.991709569265509e-07, -2.936009055713002e-07, -9.951794097765425e-09, 2.9315374587456148e-09], [-0.00022353280836384125, 0.0011661616951733134, -0.0007785999454740819, 0.00012608576483966774, 5.056625808245562e-06, -1.4498653586691715e-06, -1.7788729893286357e-07, 2.4215576023899243e-08, 0.0005110772319393904, -6.46469260618279e-05, 7.641711163990303e-06, 1.9576948599612854e-06, -4.045065212415513e-07, -1.039959989965977e-08, 2.7483580901947044e-09, 1.1142049462370355e-10], [-0.0001290331283311967, 0.00019304739649418298, -6.628594911415972e-05, 5.056625808245562e-06, 6.158728892696667e-07, -3.4070597782190195e-08, -9.532910916038648e-09, 6.086377727111535e-10, 1.1478128315422387e-05, 1.5444503732783849e-06, 9.650377763393518e-07, -2.850075564099184e-07, -7.1721602671317975e-09, 5.463549976793446e-09, 2.3669497714101683e-10, -6.647357433926472e-11], [4.412567350970955e-06, -6.930711382168653e-06, 7.0187374661093e-06, -1.4498653586691715e-06, -3.4070597782190195e-08, 1.832599975964498e-08, 1.9356270884582043e-09, -3.056787665024566e-10, 3.1033137841467146e-06, 7.610001473464329e-07, -1.0324128336482844e-07, -1.9101763128467183e-08, 4.8818942285654695e-09, 8.544302510287538e-11, -5.831172552102407e-11, 1.5720909229567132e-12], [1.9616415112890126e-06, -2.672700801171064e-06, 1.3011474853373932e-06, -1.7788729893286357e-07, -9.532910916038648e-09, 1.9356270884582043e-09, 2.693075061120549e-10, -3.2697873575892624e-11, -2.726398722273313e-07, 6.798554717690068e-08, -2.964303091859053e-08, 2.0933760191918025e-09, 5.738484835811781e-10, -5.317904397511141e-11, -8.618634233992158e-12, 9.227963777850436e-13], [-1.4992577412529977e-07, 1.6140943366967965e-07, -1.2431170540054425e-07, 2.4215576023899243e-08, 6.086377727111535e-10, -3.056787665024566e-10, -3.2697873575892624e-11, 5.138653550759225e-12, -4.9256156730404476e-08, -9.967818104647174e-09, 2.2198808896670185e-09, 1.2572876500277097e-10, -7.992922928452422e-11, 1.2906614603263256e-12, 1.1993817595402982e-12, -7.466901357866283e-14], [0.6179147874072954, 0.01423964284654286, -0.005652147948355774, 0.0005110772319393904, 1.1478128315422387e-05, 3.1033137841467146e-06, -2.726398722273313e-07, -4.9256156730404476e-08, 7.492894002069931, -0.09669788813686353, 0.008262742187405098, -0.00046659235475939953, -6.959500509354612e-05, 5.857518547902112e-06, 1.5988164462795486e-06, -1.8981368968608779e-07], [-0.002029121544987712, 0.003640123049988987, -0.00035269971110080584, -6.46469260618279e-05, 1.5444503732783849e-06, 7.610001473464329e-07, 6.798554717690068e-08, -9.967818104647174e-09, -0.09669788813686353, 0.10781455184869158, -0.024792144285227857, 0.00138944810701512, 0.00020135169021009145, -8.637133145596935e-06, -2.8795948333143273e-06, 1.8496861618833376e-07], [-0.0012249278984527241, -0.0003379686498359679, 3.1083653173918836e-05, 7.641711163990303e-06, 9.650377763393518e-07, -1.0324128336482844e-07, -2.964303091859053e-08, 2.2198808896670185e-09, 0.008262742187405098, -0.024792144285227857, 0.008807625907518562, -0.0008102815035867158, -7.034771642905025e-05, 7.127092758605856e-06, 1.359889137744028e-06, -1.271563429886251e-07], [6.767017479502499e-05, -3.4565630318845883e-05, 6.392842269323571e-06, 1.9576948599612854e-06, -2.850075564099184e-07, -1.9101763128467183e-08, 2.0933760191918025e-09, 1.2572876500277097e-10, -0.00046659235475939953, 0.00138944810701512, -0.0008102815035867158, 0.0001232439516450146, 5.588699381675994e-06, -1.416200071011342e-06, -1.8234066023693242e-07, 2.404112474747065e-08], [1.2302933331696098e-06, 3.753914445634505e-06, 8.991709569265509e-07, -4.045065212415513e-07, -7.1721602671317975e-09, 4.8818942285654695e-09, 5.738484835811781e-10, -7.992922928452422e-11, -6.959500509354612e-05, 0.00020135169021009145, -7.034771642905025e-05, 5.588699381675994e-06, 6.19166478672646e-07, -3.871178838290021e-08, -9.97585434441501e-09, 6.859236471344293e-10], [2.2117886261937513e-07, 8.90141161769892e-07, -2.936009055713002e-07, -1.039959989965977e-08, 5.463549976793446e-09, 8.544302510287538e-11, -5.317904397511141e-11, 1.2906614603263256e-12, 5.857518547902112e-06, -8.637133145596935e-06, 7.127092758605856e-06, -1.416200071011342e-06, -3.871178838290021e-08, 1.831048733579073e-08, 2.000324278789278e-09, -3.1037761426905683e-10], [-2.2804496857201661e-07, -1.5554663319394526e-08, -9.951794097765425e-09, 2.7483580901947044e-09, 2.3669497714101683e-10, -5.831172552102407e-11, -8.618634233992158e-12, 1.1993817595402982e-12, 1.5988164462795486e-06, -2.8795948333143273e-06, 1.359889137744028e-06, -1.8234066023693242e-07, -9.97585434441501e-09, 2.000324278789278e-09, 2.809335643520068e-10, -3.4180335726641066e-11], [2.6034118953927613e-08, -1.0793041026658168e-08, 2.9315374587456148e-09, 1.1142049462370355e-10, -6.647357433926472e-11, 1.5720909229567132e-12, 9.227963777850436e-13, -7.466901357866283e-14, -1.8981368968608779e-07, 1.8496861618833376e-07, -1.271563429886251e-07, 2.404112474747065e-08, 6.859236471344293e-10, -3.1037761426905683e-10, -3.4180335726641066e-11, 5.300754438675411e-12]]], "B_list": [{"B_d": [[0.18283928814459494], [0.00017353228394522373], [2.45929027876186e-05]], "B_theta": [7.126370316582784e-06], "B_const": [0.31864924644733256]}, {"B_d": [[0.0062618795567337925], [9.415495003049712e-05], [9.867963431622813e-07]], "B_theta": [1.3359137428690984e-05], "B_const": [0.030451955815748874]}, {"B_d": [[0.00014743924840859078], [3.0521749221551367e-06], [1.6139049983142361e-06]], "B_theta": [4.064853254278343e-06], "B_const": [0.009741805398028583]}, {"B_d": [[6.282326563016059e-05], [6.496695585538133e-07], [1.5368257871726898e-06]], "B_theta": [7.714524091948198e-07], "B_const": [0.004456212890337514]}, {"B_d": [[0.00011193106019411258], [3.2668405342181854e-08], [1.0949050465694937e-06]], "B_theta": [9.359294906237479e-08], "B_const": [0.0023951968291229483]}, {"B_d": [[9.068052927904425e-05], [9.646586915273e-07], [1.1463327380803338e-06]], "B_theta": [1.0105990337264272e-07], "B_const": [0.002427093088345856]}, {"B_d": [[3.992823726642717e-05], [2.3216445937936005e-07], [9.906610981020533e-07]], "B_theta": [1.4411415645725147e-08], "B_const": [0.0015111939390523568]}, {"B_d": [[9.478299920564573e-05], [6.372306103215554e-07], [8.862535025458642e-07]], "B_theta": [1.5382066268978852e-08], "B_const": [0.0014082317359755848]}], "bic_scores": [160.95048510367872, 15.985919473450398, -39.04014522499902, -55.46417800086101, -49.51654950787838, -2.4172123658740077, 36.39700205908292, 93.68466428987458], "best_bic": -55.46417800086101, "best_bic_A": [[6.382594907991091, -0.11048293148017677, 0.0078020198331229295, -0.0003624108976300417, 0.649349814753594, -0.002819531742895586, -0.0013554948422388644, 9.498237473465923e-05], [-0.11048293148017677, 0.08789926879001768, -0.01567783862797923, 0.000915695895101527, -0.004852369236901437, 0.0031435538151125698, -0.0004407535661408931, 2.735635788151816e-05], [0.0078020198331229295, -0.01567783862797923, 0.0038015951442655765, -0.0002571735252762347, -6.432766821648746e-05, -0.0007957963000145082, 0.00020499999485163232, -1.5243372238097574e-05], [-0.0003624108976300417, 0.000915695895101527, -0.0002571735252762347, 1.8963178302840094e-05, 8.114426308504985e-05, 4.5711222975818395e-05, -1.3879352921278402e-05, 1.096460403107918e-06], [0.649349814753594, -0.004852369236901437, -6.432766821648746e-05, 8.114426308504985e-05, 7.536191528269963, -0.10576713453489005, 0.00813837272286599, -0.0004307118103848408], [-0.002819531742895586, 0.0031435538151125698, -0.0007957963000145082, 4.5711222975818395e-05, -0.10576713453489005, 0.0851620302827243, -0.015021891732153363, 0.000890156805640413], [-0.0013554948422388644, -0.0004407535661408931, 0.00020499999485163232, -1.3879352921278402e-05, 0.00813837272286599, -0.015021891732153363, 0.0037577084896623842, -0.00026120235323935366], [9.498237473465923e-05, 2.735635788151816e-05, -1.5243372238097574e-05, 1.096460403107918e-06, -0.0004307118103848408, 0.000890156805640413, -0.00026120235323935366, 1.9787177478753023e-05]], "best_bic_B": {"B_d": [[6.282326563016059e-05], [6.496695585538133e-07], [1.5368257871726898e-06]], "B_theta": [7.714524091948198e-07], "B_const": [0.004456212890337514]}, "best_bic_deg": 4, "best_bic_deg_idx": 3, "aic_scores": [151.95650413548128, -0.8777948419197976, -68.2705833716407, -101.55833046287287, -116.97140676935916, -95.72976491092243, -87.27023625363185, -64.83425027460524], "best_aic": -116.97140676935916, "best_aic_A": [[6.376130324664371, -0.10848430307964319, 0.010044968611891986, -0.0008981419495992282, 2.6787953422013688e-05, 0.6278990456303876, -0.0031249964725692725, -0.0006963881546128509, -3.580347908072051e-05, 9.206248896178873e-06], [-0.10848430307964319, 0.0971145146793301, -0.02187516529167057, 0.0021145814570364694, -7.099962933715397e-05, 0.004317651464553027, 0.004807293308069814, -0.0011067125205012106, 0.0001635082619080161, -9.609620177416406e-06], [0.010044968611891986, -0.02187516529167057, 0.007850115221187422, -0.0010849732400384008, 5.2633812670890396e-05, -0.003344968422123755, -0.0011361136365690752, 0.00036062873401951275, -4.8643615359190146e-05, 2.384324982623314e-06], [-0.0008981419495992282, 0.0021145814570364694, -0.0010849732400384008, 0.0001934749174952761, -1.1325077161768893e-05, 0.0007324542137685333, 6.436362832438282e-05, -3.063489912042984e-05, 5.4249760702582955e-06, -3.230555042494028e-07], [2.6787953422013688e-05, -7.099962933715397e-05, 5.2633812670890396e-05, -1.1325077161768893e-05, 7.406872991096418e-07, -4.705837546206405e-05, 4.146916517005602e-07, 5.549750953137104e-07, -1.9194258540897211e-07, 1.5377758403537775e-08], [0.6278990456303876, 0.004317651464553027, -0.003344968422123755, 0.0007324542137685333, -4.705837546206405e-05, 7.477730782826761, -0.09730381748293912, 0.007866778354291313, -0.00035170120047432795, -1.8166564422859157e-05], [-0.0031249964725692725, 0.004807293308069814, -0.0011361136365690752, 6.436362832438282e-05, 4.146916517005602e-07, -0.09730381748293912, 0.09840602613917228, -0.022543607950886207, 0.002278051183875215, -8.201150830381673e-05], [-0.0006963881546128509, -0.0011067125205012106, 0.00036062873401951275, -3.063489912042984e-05, 5.549750953137104e-07, 0.007866778354291313, -0.022543607950886207, 0.008171901159215707, -0.001131900732853584, 5.4899282891513326e-05], [-3.580347908072051e-05, 0.0001635082619080161, -4.8643615359190146e-05, 5.4249760702582955e-06, -1.9194258540897211e-07, -0.00035170120047432795, 0.002278051183875215, -0.001131900732853584, 0.0001971902218599495, -1.1396516119609159e-05], [9.206248896178873e-06, -9.609620177416406e-06, 2.384324982623314e-06, -3.230555042494028e-07, 1.5377758403537775e-08, -1.8166564422859157e-05, -8.201150830381673e-05, 5.4899282891513326e-05, -1.1396516119609159e-05, 7.366720443277225e-07]], "best_aic_B": {"B_d": [[0.00011193106019411258], [3.2668405342181854e-08], [1.0949050465694937e-06]], "B_theta": [9.359294906237479e-08], "B_const": [0.0023951968291229483]}, "best_aic_deg": 5, "best_aic_deg_idx": 4, "lr": [{"class_name": "PiecewiseConstantDecay", "config": {"boundaries": [1350], "values": [0.005, 0.005], "name": null}}, {"class_name": "PiecewiseConstantDecay", "config": {"boundaries": [1350], "values": [0.005, 0.005], "name": null}}, {"class_name": "PiecewiseConstantDecay", "config": {"boundaries": [1350], "values": [0.005, 0.005], "name": null}}, {"class_name": "PiecewiseConstantDecay", "config": {"boundaries": [1350], "values": [0.005, 0.005], "name": null}}, {"class_name": "PiecewiseConstantDecay", "config": {"boundaries": [1350], "values": [0.005, 0.005], "name": null}}, {"class_name": "PiecewiseConstantDecay", "config": {"boundaries": [1350], "values": [0.005, 0.005], "name": null}}, {"class_name": "PiecewiseConstantDecay", "config": {"boundaries": [1350], "values": [0.005, 0.005], "name": null}}, {"class_name": "PiecewiseConstantDecay", "config": {"boundaries": [1350], "values": [0.005, 0.005], "name": null}}], "optimizer": [{"class_name": "Adam", "config": {"name": "Adam", "learning_rate": 0.002, "decay": 0.0, "beta_1": 0.9, "beta_2": 0.999, "epsilon": 1e-07, "amsgrad": false}}, {"class_name": "Adam", "config": {"name": "Adam", "learning_rate": 0.002, "decay": 0.0, "beta_1": 0.9, "beta_2": 0.999, "epsilon": 1e-07, "amsgrad": false}}, {"class_name": "Adam", "config": {"name": "Adam", "learning_rate": 0.002, "decay": 0.0, "beta_1": 0.9, "beta_2": 0.999, "epsilon": 1e-07, "amsgrad": false}}, {"class_name": "Adam", "config": {"name": "Adam", "learning_rate": 0.002, "decay": 0.0, "beta_1": 0.9, "beta_2": 0.999, "epsilon": 1e-07, "amsgrad": false}}, {"class_name": "Adam", "config": {"name": "Adam", "learning_rate": 0.002, "decay": 0.0, "beta_1": 0.9, "beta_2": 0.999, "epsilon": 1e-07, "amsgrad": false}}, {"class_name": "Adam", "config": {"name": "Adam", "learning_rate": 0.002, "decay": 0.0, "beta_1": 0.9, "beta_2": 0.999, "epsilon": 1e-07, "amsgrad": false}}, {"class_name": "Adam", "config": {"name": "Adam", "learning_rate": 0.002, "decay": 0.0, "beta_1": 0.9, "beta_2": 0.999, "epsilon": 1e-07, "amsgrad": false}}, {"class_name": "Adam", "config": {"name": "Adam", "learning_rate": 0.002, "decay": 0.0, "beta_1": 0.9, "beta_2": 0.999, "epsilon": 1e-07, "amsgrad": false}}], "epochs": 500, "best_epochs": [417, 430, 494, 464, 492, 482, 494, 474], "batch_size": 64}