{"degree": [1, 2, 3, 4, 5, 6, 7, 8], "losses": [199.294357327699, 16.984775434317967, -77.12060098651342, -134.64025283843014, -173.51430006266884, -176.7621466771743, -196.30959956825583, -206.3296890558472], "A_list": [[[5.708328457060258, 0.5155322585482254], [0.5155322585482254, 6.7861734075313125]], [[6.0782840022561455, -0.06678259762092748, 0.6251718481425483, -0.004875180503781169], [-0.06678259762092748, 0.010335663066299676, -0.004674490898676324, 0.0008861624568551215], [0.6251718481425483, -0.004674490898676324, 7.19570645145917, -0.06282388150656837], [-0.004875180503781169, 0.0008861624568551215, -0.06282388150656837, 0.011572086035611214]], [[6.246810423107258, -0.09403968060365846, 0.0019823613567367545, 0.6123952219446547, -0.003767047314217827, -0.00036099388885129475], [-0.09403968060365846, 0.039492062360334826, -0.0025942304055428483, -0.0016867173943523972, 0.001429757570371264, 6.6324233600048106e-06], [0.0019823613567367545, -0.0025942304055428483, 0.00022987474243683434, -0.00013187982249706238, -9.543167028950367e-05, 3.6903652876046204e-06], [0.6123952219446547, -0.0016867173943523972, -0.00013187982249706238, 7.22965892670342, -0.08413460925050621, 0.0013135739068635911], [-0.003767047314217827, 0.001429757570371264, -9.543167028950367e-05, -0.08413460925050621, 0.043649715602459956, -0.0027367964393211533], [-0.00036099388885129475, 6.6324233600048106e-06, 3.6903652876046204e-06, 0.0013135739068635911, -0.0027367964393211533, 0.00023070183886236243]], [[6.308475928122266, -0.10401027414821006, 0.004912703389460075, -0.00013279596220518795, 0.6864072751174493, -0.0038612273690922794, -0.0005928759987006833, 1.6585337280621216e-05], [-0.10401027414821006, 0.06951309101948865, -0.010497912598159749, 0.0005232568664314558, -0.009098353342181648, -9.530805074721266e-05, 0.0003464649555409227, -2.4297312986684948e-05], [0.004912703389460075, -0.010497912598159749, 0.002272747925220593, -0.0001358322941039576, 0.0016038236169701246, 2.5074065001300753e-05, -2.4547786966482127e-05, 2.138259508951778e-06], [-0.00013279596220518795, 0.0005232568664314558, -0.0001358322941039576, 8.99497346079179e-06, -0.00012525972958945907, -4.959770398754713e-06, 1.2137810754468063e-06, -9.521149725589335e-08], [0.6864072751174493, -0.009098353342181648, 0.0016038236169701246, -0.00012525972958945907, 7.444675306533413, -0.09653623109426378, 0.0042494781631982155, -0.0001311591550902597], [-0.0038612273690922794, -9.530805074721266e-05, 2.5074065001300753e-05, -4.959770398754713e-06, -0.09653623109426378, 0.07005415784027165, -0.010089613780999592, 0.000490982475011773], [-0.0005928759987006833, 0.0003464649555409227, -2.4547786966482127e-05, 1.2137810754468063e-06, 0.0042494781631982155, -0.010089613780999592, 0.00221717338344871, -0.00013346660975497587], [1.6585337280621216e-05, -2.4297312986684948e-05, 2.138259508951778e-06, -9.521149725589335e-08, -0.0001311591550902597, 0.000490982475011773, -0.00013346660975497587, 8.956793643312544e-06]], [[6.237579556348226, -0.09126397227199523, 0.0044028566855329, -0.00010137113539595605, -1.102560992912616e-05, 0.6608876089460295, 0.002652854444808394, -0.001531434182475738, 0.000115891479716343, -5.1896609099094525e-06], [-0.09126397227199523, 0.07300550401885296, -0.013038073487951283, 0.0009203780971747682, -1.8174834808822804e-05, -0.004145320455677626, -0.0008090069927490952, 0.0003458504512303029, -1.3540723647923308e-05, -7.7699734811425e-07], [0.0044028566855329, -0.013038073487951283, 0.003922173106501407, -0.000441529015242648, 1.7300551179332787e-05, 0.00030750818843602976, 0.00018447887262029142, -5.655922631319054e-05, 7.90957174714465e-06, -3.457554056440447e-07], [-0.00010137113539595605, 0.0009203780971747682, -0.000441529015242648, 6.983095392123993e-05, -3.5867047570689723e-06, 0.00012272243650410534, -3.209359935034779e-05, 8.134424533747956e-06, -1.42893424872304e-06, 7.866935218204377e-08], [-1.102560992912616e-05, -1.8174834808822804e-05, 1.7300551179332787e-05, -3.5867047570689723e-06, 2.1435201032429612e-07, -1.690480020090786e-05, 1.8131961817914482e-06, -4.471852584545426e-07, 8.714196469115361e-08, -5.146794327784686e-09], [0.6608876089460295, -0.004145320455677626, 0.00030750818843602976, 0.00012272243650410534, -1.690480020090786e-05, 7.419223585194256, -0.09031422269820213, 0.006227946260490851, -0.0005116004978622866, 1.4335381179881022e-05], [0.002652854444808394, -0.0008090069927490952, 0.00018447887262029142, -3.209359935034779e-05, 1.8131961817914482e-06, -0.09031422269820213, 0.07707919681214542, -0.014203703835512985, 0.0011059969367779809, -2.826808152123218e-05], [-0.001531434182475738, 0.0003458504512303029, -5.655922631319054e-05, 8.134424533747956e-06, -4.471852584545426e-07, 0.006227946260490851, -0.014203703835512985, 0.004495799627802829, -0.0005286283969642995, 2.1680999257156782e-05], [0.000115891479716343, -1.3540723647923308e-05, 7.90957174714465e-06, -1.42893424872304e-06, 8.714196469115361e-08, -0.0005116004978622866, 0.0011059969367779809, -0.0005286283969642995, 8.263993163659417e-05, -4.220192272514721e-06], [-5.1896609099094525e-06, -7.7699734811425e-07, -3.457554056440447e-07, 7.866935218204377e-08, -5.146794327784686e-09, 1.4335381179881022e-05, -2.826808152123218e-05, 2.1680999257156782e-05, -4.220192272514721e-06, 2.4553959853782996e-07]], [[6.22233651573723, -0.07760969577755536, 0.00041830588516567774, 0.0005837374846557329, -8.334736281803672e-05, 3.5230439512001868e-06, 0.658348144982401, 0.0014211181462178313, -0.001652689191026256, 5.959743149323001e-05, 1.8556137281608827e-05, -1.6817361659053543e-06], [-0.07760969577755536, 0.07218618863384693, -0.011965404999374324, 0.00011973409561796187, 0.0001371928943774792, -9.080965362873678e-06, 0.0039281282220393005, -0.000924016064326392, 0.00036254162556885, 1.3449192831790701e-05, -8.62198150927057e-06, 5.175553530933117e-07], [0.00041830588516567774, -0.011965404999374324, 0.003286293236782366, -0.00013987560783786427, -3.5647730522391995e-05, 2.979610550507589e-06, -0.0017263599683328753, 0.0002546630014193979, -4.106891974468552e-05, -3.079264779117027e-06, 1.7827272117297223e-06, -1.2559981260075e-07], [0.0005837374846557329, 0.00011973409561796187, -0.00013987560783786427, 1.5318849811621655e-05, 1.354014270219728e-06, -1.8243047891873472e-07, 0.00030968616915712157, -3.2769847529192177e-05, 5.579806207506988e-06, -1.8037556345777642e-07, -1.102536504149261e-07, 9.690218251373406e-09], [-8.334736281803672e-05, 0.0001371928943774792, -3.5647730522391995e-05, 1.354014270219728e-06, 4.022903270634175e-07, -3.2104985089460464e-08, -2.2864409642870565e-05, 5.699094832882439e-07, -6.589244850853546e-07, 1.1087670590659254e-07, -9.522488013350152e-09, 3.5574313096772763e-10], [3.5230439512001868e-06, -9.080965362873678e-06, 2.979610550507589e-06, -1.8243047891873472e-07, -3.2104985089460464e-08, 3.098359278484122e-09, 1.3002433491960003e-07, 9.363841895183558e-08, 3.4239567239845404e-08, -7.3601478745136275e-09, 9.525855546452366e-10, -5.284009374579633e-11], [0.658348144982401, 0.0039281282220393005, -0.0017263599683328753, 0.00030968616915712157, -2.2864409642870565e-05, 1.3002433491960003e-07, 7.425001116660881, -0.08425820886019299, 0.004002109380484671, 0.00011192770139831443, -8.04753171172835e-05, 5.36685156506302e-06], [0.0014211181462178313, -0.000924016064326392, 0.0002546630014193979, -3.2769847529192177e-05, 5.699094832882439e-07, 9.363841895183558e-08, -0.08425820886019299, 0.07018633450205865, -0.011638826649217287, 0.00016773899877265018, 0.00013033951941101261, -8.997232765584094e-06], [-0.001652689191026256, 0.00036254162556885, -4.106891974468552e-05, 5.579806207506988e-06, -6.589244850853546e-07, 3.4239567239845404e-08, 0.004002109380484671, -0.011638826649217287, 0.0034090439604393284, -0.00017136794280370873, -3.369893227592469e-05, 2.979566115002725e-06], [5.959743149323001e-05, 1.3449192831790701e-05, -3.079264779117027e-06, -1.8037556345777642e-07, 1.1087670590659254e-07, -7.3601478745136275e-09, 0.00011192770139831443, 0.00016773899877265018, -0.00017136794280370873, 1.9295942261771332e-05, 1.3007734448250687e-06, -1.940890784608156e-07], [1.8556137281608827e-05, -8.62198150927057e-06, 1.7827272117297223e-06, -1.102536504149261e-07, -9.522488013350152e-09, 9.525855546452366e-10, -8.04753171172835e-05, 0.00013033951941101261, -3.369893227592469e-05, 1.3007734448250687e-06, 3.65296873624067e-07, -2.8952345610779438e-08], [-1.6817361659053543e-06, 5.175553530933117e-07, -1.2559981260075e-07, 9.690218251373406e-09, 3.5574313096772763e-10, -5.284009374579633e-11, 5.36685156506302e-06, -8.997232765584094e-06, 2.979566115002725e-06, -1.940890784608156e-07, -2.8952345610779438e-08, 2.8831429887875843e-09]], [[6.215551996358112, -0.08013309987219078, 0.0021230685986641795, 0.0001163879637161364, -3.3615288029449605e-05, 2.2221001351212465e-06, -5.823765855584132e-08, 0.6557401445156433, 0.00646182306058112, -0.002597694739491598, 0.00016679523394650322, 1.850489571534513e-06, -1.7634479308419875e-08, -4.1748687896283944e-08], [-0.08013309987219078, 0.0748758398498492, -0.013295612289690471, 0.00046341188448645066, 7.426723119135539e-05, -1.631601916732063e-06, -3.6849443032901265e-07, 0.0003594217310220995, -0.0014189343829754794, 0.0005326388874799671, -1.2616136869086256e-05, -3.739262041994903e-06, -2.548674761964973e-07, 4.414440270123542e-08], [0.0021230685986641795, -0.013295612289690471, 0.003986127696535371, -0.0003190920868516951, -1.5604992785370323e-05, 2.326148313991052e-06, -1.6821126040532296e-08, -0.0010688362506421003, 0.00028917002928927917, -6.650524206843936e-05, 9.188053139194881e-07, 7.496134066002004e-07, 6.45197394801621e-08, -1.1371809323790399e-08], [0.0001163879637161364, 0.00046341188448645066, -0.0003190920868516951, 5.7171994308374336e-05, -8.092566600445183e-07, -5.862635696102954e-07, 3.7323619261106765e-08, 0.0002237398015101108, -2.0438951323310712e-05, 2.185531962000978e-06, 2.7554253241999463e-07, -3.17314134967606e-08, -7.627361712829248e-09, 7.975271568958109e-10], [-3.3615288029449605e-05, 7.426723119135539e-05, -1.5604992785370323e-05, -8.092566600445183e-07, 2.444704982887647e-07, 1.976429195323425e-08, -2.9990655805541116e-09, -6.560183904921007e-06, -2.5250215260268475e-06, 7.532972997403505e-07, -6.245740925796664e-08, -7.525528365432748e-09, 3.0363838312603684e-10, 5.839179089045029e-11], [2.2221001351212465e-06, -1.631601916732063e-06, 2.326148313991052e-06, -5.862635696102954e-07, 1.976429195323425e-08, 6.61763191114754e-09, -5.084139196427043e-10, -2.20090016865832e-06, 3.7337516796155685e-07, -1.2445100070477004e-07, 6.636035517571982e-09, 8.372147757481752e-10, 2.93765862633605e-11, -1.088774806080436e-11], [-5.823765855584132e-08, -3.6849443032901265e-07, -1.6821126040532296e-08, 3.7323619261106765e-08, -2.9990655805541116e-09, -5.084139196427043e-10, 5.196679628319687e-11, 1.290577535351697e-07, -9.64520816398233e-09, 6.4277450588424205e-09, -3.3765440479618285e-10, -2.072046907938148e-11, -2.1527402247199906e-12, 3.782143286950281e-13], [0.6557401445156433, 0.0003594217310220995, -0.0010688362506421003, 0.0002237398015101108, -6.560183904921007e-06, -2.20090016865832e-06, 1.290577535351697e-07, 7.4210367183459995, -0.08357428677674568, 0.0046509867343405295, -0.00013981958043933688, -3.814266726779777e-05, 6.052317263763045e-07, 2.5053974905311623e-07], [0.00646182306058112, -0.0014189343829754794, 0.00028917002928927917, -2.0438951323310712e-05, -2.5250215260268475e-06, 3.7337516796155685e-07, -9.64520816398233e-09, -0.08357428677674568, 0.07419818723673094, -0.013114448566402252, 0.000508926461877825, 6.846593963160445e-05, -1.8289687935864523e-06, -3.390760014362535e-07], [-0.002597694739491598, 0.0005326388874799671, -6.650524206843936e-05, 2.185531962000978e-06, 7.532972997403505e-07, -1.2445100070477004e-07, 6.4277450588424205e-09, 0.0046509867343405295, -0.013114448566402252, 0.004037146209046082, -0.0003265173117724501, -1.5458150739064548e-05, 2.265849316192302e-06, -9.491446880832752e-09], [0.00016679523394650322, -1.2616136869086256e-05, 9.188053139194881e-07, 2.7554253241999463e-07, -6.245740925796664e-08, 6.636035517571982e-09, -3.3765440479618285e-10, -0.00013981958043933688, 0.000508926461877825, -0.0003265173117724501, 5.543335904592385e-05, -6.070497030182049e-07, -5.545165226491313e-07, 3.3893207814270276e-08], [1.850489571534513e-06, -3.739262041994903e-06, 7.496134066002004e-07, -3.17314134967606e-08, -7.525528365432748e-09, 8.372147757481752e-10, -2.072046907938148e-11, -3.814266726779777e-05, 6.846593963160445e-05, -1.5458150739064548e-05, -6.070497030182049e-07, 2.2111781132235587e-07, 1.8240991335806918e-08, -2.78207494190463e-09], [-1.7634479308419875e-08, -2.548674761964973e-07, 6.45197394801621e-08, -7.627361712829248e-09, 3.0363838312603684e-10, 2.93765862633605e-11, -2.1527402247199906e-12, 6.052317263763045e-07, -1.8289687935864523e-06, 2.265849316192302e-06, -5.545165226491313e-07, 1.8240991335806918e-08, 6.265151219696474e-09, -4.797978744550243e-10], [-4.1748687896283944e-08, 4.414440270123542e-08, -1.1371809323790399e-08, 7.975271568958109e-10, 5.839179089045029e-11, -1.088774806080436e-11, 3.782143286950281e-13, 2.5053974905311623e-07, -3.390760014362535e-07, -9.491446880832752e-09, 3.3893207814270276e-08, -2.78207494190463e-09, -4.797978744550243e-10, 4.929608468827365e-11]], [[6.227502610541814, -0.0828824529615404, 0.002453379660863782, 0.00012328390075543716, -5.4847510785169395e-05, 1.6645627656952748e-06, 8.767394886530317e-07, -7.515700678511804e-08, 0.658148967714868, 0.007159233077176358, -0.0030144109122255147, 0.0002498979207620519, 6.47827048129318e-07, -9.252263919270435e-07, -3.896994303520002e-08, 5.828043821339596e-09], [-0.0828824529615404, 0.08280365900269128, -0.015931221385094202, 0.0006617344560959741, 0.00010262925284701235, -2.7707737346063447e-06, -1.0661326776743133e-06, 5.4342289619719586e-08, 0.00010794967901874594, -0.0006124445418158747, 0.00038900520067812846, -1.8848234675336753e-05, -3.5449986279525315e-06, 1.663261297355751e-07, 3.00452332946923e-08, -2.0141502764133165e-09], [0.002453379660863782, -0.015931221385094202, 0.005056267067563626, -0.00040636858134388356, -3.135523941039287e-05, 2.744390638098593e-06, 4.596317452804932e-07, -3.7401401934510874e-08, -0.001088123763276131, 0.00019652513890576668, -8.619354604060807e-05, 9.917693345950462e-06, 4.410235950487576e-07, -4.276504284075934e-08, -7.926306128824893e-09, 4.0345031104940116e-10], [0.00012328390075543716, 0.0006617344560959741, -0.00040636858134388356, 5.894187746455247e-05, 1.982452278428638e-06, -5.25135196679056e-07, -5.4298012050495e-08, 6.57116352406493e-09, 0.00022104920383769753, -4.4774987698486274e-05, 1.50212192346488e-05, -1.3628655505891613e-06, -5.882619095203601e-08, 4.640181894509697e-09, 1.0821452629118354e-09, -5.7582981543903027e-11], [-5.4847510785169395e-05, 0.00010262925284701235, -3.135523941039287e-05, 1.982452278428638e-06, 2.255930606576618e-07, -9.07757005444989e-09, -2.5693034074044742e-09, 1.2898777237452085e-10, 1.1090203051204149e-05, 6.980767897891092e-07, -1.3252511451264858e-07, -5.355947991326889e-08, 1.3745654712804706e-09, 4.662154201781272e-10, 2.097771951376375e-11, -2.9435194525392818e-12], [1.6645627656952748e-06, -2.7707737346063447e-06, 2.744390638098593e-06, -5.25135196679056e-07, -9.07757005444989e-09, 5.220174534984396e-09, 4.4977716940179237e-10, -6.494369771809111e-11, -3.0594925724809257e-06, 4.030993910675194e-07, -1.5229008630519618e-07, 1.4263625431413753e-08, 7.091379847943916e-10, -5.657659405577004e-11, -1.287746015407405e-11, 7.619669224385965e-13], [8.767394886530317e-07, -1.0661326776743133e-06, 4.596317452804932e-07, -5.4298012050495e-08, -2.5693034074044742e-09, 4.4977716940179237e-10, 5.4160747432150005e-11, -5.725948418431445e-12, -3.7376692580749843e-07, 1.0985591272633803e-08, -5.067174462705004e-09, 1.5219189685344372e-09, -1.2735702712493324e-11, -1.2168691954358894e-11, -9.314452577326531e-13, 1.3348318500883767e-13], [-7.515700678511804e-08, 5.4342289619719586e-08, -3.7401401934510874e-08, 6.57116352406493e-09, 1.2898777237452085e-10, -6.494369771809111e-11, -5.725948418431445e-12, 8.170230012218209e-13, 4.527898206446089e-08, -3.3290767723565264e-09, 1.429602336171901e-09, -1.9307043553673618e-10, -4.095941676395778e-12, 1.1758179578857559e-12, 1.587213406941895e-13, -1.5856770073596932e-14], [0.658148967714868, 0.00010794967901874594, -0.001088123763276131, 0.00022104920383769753, 1.1090203051204149e-05, -3.0594925724809257e-06, -3.7376692580749843e-07, 4.527898206446089e-08, 7.39711557873367, -0.08458381348850806, 0.004517744258977787, 7.425134695328104e-05, -9.688792653348894e-05, 2.394720209023225e-06, 1.339482206470349e-06, -9.364539043785897e-08], [0.007159233077176358, -0.0006124445418158747, 0.00019652513890576668, -4.4774987698486274e-05, 6.980767897891092e-07, 4.030993910675194e-07, 1.0985591272633803e-08, -3.3290767723565264e-09, -0.08458381348850806, 0.08287647624232385, -0.016108833818767352, 0.0007260821319581755, 0.00010340005519884577, -3.5322414053685614e-06, -1.076109146577145e-06, 5.8396667548710875e-08], [-0.0030144109122255147, 0.00038900520067812846, -8.619354604060807e-05, 1.50212192346488e-05, -1.3252511451264858e-07, -1.5229008630519618e-07, -5.067174462705004e-09, 1.429602336171901e-09, 0.004517744258977787, -0.016108833818767352, 0.0052541518337679205, -0.0004269926830330677, -3.243178214636392e-05, 2.883149289242872e-06, 4.6772970152722316e-07, -3.805422035872476e-08], [0.0002498979207620519, -1.8848234675336753e-05, 9.917693345950462e-06, -1.3628655505891613e-06, -5.355947991326889e-08, 1.4263625431413753e-08, 1.5219189685344372e-09, -1.9307043553673618e-10, 7.425134695328104e-05, 0.0007260821319581755, -0.0004269926830330677, 5.977633256164539e-05, 2.1343956381034883e-06, -5.264205379270505e-07, -5.5472017025292964e-08, 6.590215934894121e-09], [6.47827048129318e-07, -3.5449986279525315e-06, 4.410235950487576e-07, -5.882619095203601e-08, 1.3745654712804706e-09, 7.091379847943916e-10, -1.2735702712493324e-11, -4.095941676395778e-12, -9.688792653348894e-05, 0.00010340005519884577, -3.243178214636392e-05, 2.1343956381034883e-06, 2.279436554032154e-07, -1.0284789742943048e-08, -2.5876870567451133e-09, 1.3524737600563518e-10], [-9.252263919270435e-07, 1.663261297355751e-07, -4.276504284075934e-08, 4.640181894509697e-09, 4.662154201781272e-10, -5.657659405577004e-11, -1.2168691954358894e-11, 1.1758179578857559e-12, 2.394720209023225e-06, -3.5322414053685614e-06, 2.883149289242872e-06, -5.264205379270505e-07, -1.0284789742943048e-08, 5.200369540075378e-09, 4.611455454241696e-10, -6.529049375559978e-11], [-3.896994303520002e-08, 3.00452332946923e-08, -7.926306128824893e-09, 1.0821452629118354e-09, 2.097771951376375e-11, -1.287746015407405e-11, -9.314452577326531e-13, 1.587213406941895e-13, 1.339482206470349e-06, -1.076109146577145e-06, 4.6772970152722316e-07, -5.5472017025292964e-08, -2.5876870567451133e-09, 4.611455454241696e-10, 5.463619338451103e-11, -5.8289128823682116e-12], [5.828043821339596e-09, -2.0141502764133165e-09, 4.0345031104940116e-10, -5.7582981543903027e-11, -2.9435194525392818e-12, 7.619669224385965e-13, 1.3348318500883767e-13, -1.5856770073596932e-14, -9.364539043785897e-08, 5.8396667548710875e-08, -3.805422035872476e-08, 6.590215934894121e-09, 1.3524737600563518e-10, -6.529049375559978e-11, -5.8289128823682116e-12, 8.271392543941873e-13]]], "B_list": [{"B_d": [[0.2130511550017811], [0.002926876547817039], [0.0001398259348806941]], "B_theta": [1.0105108316900261e-05], "B_const": [0.49595630316241957]}, {"B_d": [[0.013510243606515636], [1.863665962890867e-05], [1.832183330581052e-06]], "B_theta": [1.3891889863077533e-05], "B_const": [0.048460407281592455]}, {"B_d": [[0.0005116942619124376], [2.07085937067222e-06], [1.5629048589190055e-06]], "B_theta": [6.610795686511622e-06], "B_const": [0.014611295855688697]}, {"B_d": [[5.7462310751114456e-05], [1.0959504692826917e-06], [1.235531035035232e-06]], "B_theta": [9.471532115815648e-07], "B_const": [0.006805221483163399]}, {"B_d": [[4.405036673437316e-05], [8.985895673212349e-07], [6.493638544123901e-07]], "B_theta": [1.3269491323264428e-07], "B_const": [0.00379960264652535]}, {"B_d": [[6.598121586787303e-05], [4.3557475960472433e-07], [7.362966354260621e-07]], "B_theta": [1.792464209480889e-07], "B_const": [0.0037307952281051904]}, {"B_d": [[3.532019149941547e-05], [5.417154219191687e-07], [6.584577317741831e-07]], "B_theta": [2.5395589985799165e-08], "B_const": [0.002473524782294474]}, {"B_d": [[7.1210440296522e-05], [9.209072976795072e-07], [6.246513572438145e-07]], "B_theta": [1.3957254517505961e-08], "B_const": [0.0022815194409559992]}], "bic_scores": [216.82246386639451, 49.84997519437208, -20.15425473575297, -44.80870682761558, -42.053501022452394, 5.091958661791779, 44.701865338807636, 102.60318868866142], "best_bic": -44.80870682761558, "best_bic_A": [[6.308475928122266, -0.10401027414821006, 0.004912703389460075, -0.00013279596220518795, 0.6864072751174493, -0.0038612273690922794, -0.0005928759987006833, 1.6585337280621216e-05], [-0.10401027414821006, 0.06951309101948865, -0.010497912598159749, 0.0005232568664314558, -0.009098353342181648, -9.530805074721266e-05, 0.0003464649555409227, -2.4297312986684948e-05], [0.004912703389460075, -0.010497912598159749, 0.002272747925220593, -0.0001358322941039576, 0.0016038236169701246, 2.5074065001300753e-05, -2.4547786966482127e-05, 2.138259508951778e-06], [-0.00013279596220518795, 0.0005232568664314558, -0.0001358322941039576, 8.99497346079179e-06, -0.00012525972958945907, -4.959770398754713e-06, 1.2137810754468063e-06, -9.521149725589335e-08], [0.6864072751174493, -0.009098353342181648, 0.0016038236169701246, -0.00012525972958945907, 7.444675306533413, -0.09653623109426378, 0.0042494781631982155, -0.0001311591550902597], [-0.0038612273690922794, -9.530805074721266e-05, 2.5074065001300753e-05, -4.959770398754713e-06, -0.09653623109426378, 0.07005415784027165, -0.010089613780999592, 0.000490982475011773], [-0.0005928759987006833, 0.0003464649555409227, -2.4547786966482127e-05, 1.2137810754468063e-06, 0.0042494781631982155, -0.010089613780999592, 0.00221717338344871, -0.00013346660975497587], [1.6585337280621216e-05, -2.4297312986684948e-05, 2.138259508951778e-06, -9.521149725589335e-08, -0.0001311591550902597, 0.000490982475011773, -0.00013346660975497587, 8.956793643312544e-06]], "best_bic_B": {"B_d": [[5.7462310751114456e-05], [1.0959504692826917e-06], [1.235531035035232e-06]], "B_theta": [9.471532115815648e-07], "B_const": [0.006805221483163399]}, "best_bic_deg": 4, "best_bic_deg_idx": 3, "aic_scores": [207.294357327699, 31.984775434317967, -51.12060098651342, -93.64025283843014, -113.51430006266884, -93.76214667717429, -86.30959956825583, -65.32968905584721], "best_aic": -113.51430006266884, "best_aic_A": [[6.237579556348226, -0.09126397227199523, 0.0044028566855329, -0.00010137113539595605, -1.102560992912616e-05, 0.6608876089460295, 0.002652854444808394, -0.001531434182475738, 0.000115891479716343, -5.1896609099094525e-06], [-0.09126397227199523, 0.07300550401885296, -0.013038073487951283, 0.0009203780971747682, -1.8174834808822804e-05, -0.004145320455677626, -0.0008090069927490952, 0.0003458504512303029, -1.3540723647923308e-05, -7.7699734811425e-07], [0.0044028566855329, -0.013038073487951283, 0.003922173106501407, -0.000441529015242648, 1.7300551179332787e-05, 0.00030750818843602976, 0.00018447887262029142, -5.655922631319054e-05, 7.90957174714465e-06, -3.457554056440447e-07], [-0.00010137113539595605, 0.0009203780971747682, -0.000441529015242648, 6.983095392123993e-05, -3.5867047570689723e-06, 0.00012272243650410534, -3.209359935034779e-05, 8.134424533747956e-06, -1.42893424872304e-06, 7.866935218204377e-08], [-1.102560992912616e-05, -1.8174834808822804e-05, 1.7300551179332787e-05, -3.5867047570689723e-06, 2.1435201032429612e-07, -1.690480020090786e-05, 1.8131961817914482e-06, -4.471852584545426e-07, 8.714196469115361e-08, -5.146794327784686e-09], [0.6608876089460295, -0.004145320455677626, 0.00030750818843602976, 0.00012272243650410534, -1.690480020090786e-05, 7.419223585194256, -0.09031422269820213, 0.006227946260490851, -0.0005116004978622866, 1.4335381179881022e-05], [0.002652854444808394, -0.0008090069927490952, 0.00018447887262029142, -3.209359935034779e-05, 1.8131961817914482e-06, -0.09031422269820213, 0.07707919681214542, -0.014203703835512985, 0.0011059969367779809, -2.826808152123218e-05], [-0.001531434182475738, 0.0003458504512303029, -5.655922631319054e-05, 8.134424533747956e-06, -4.471852584545426e-07, 0.006227946260490851, -0.014203703835512985, 0.004495799627802829, -0.0005286283969642995, 2.1680999257156782e-05], [0.000115891479716343, -1.3540723647923308e-05, 7.90957174714465e-06, -1.42893424872304e-06, 8.714196469115361e-08, -0.0005116004978622866, 0.0011059969367779809, -0.0005286283969642995, 8.263993163659417e-05, -4.220192272514721e-06], [-5.1896609099094525e-06, -7.7699734811425e-07, -3.457554056440447e-07, 7.866935218204377e-08, -5.146794327784686e-09, 1.4335381179881022e-05, -2.826808152123218e-05, 2.1680999257156782e-05, -4.220192272514721e-06, 2.4553959853782996e-07]], "best_aic_B": {"B_d": [[4.405036673437316e-05], [8.985895673212349e-07], [6.493638544123901e-07]], "B_theta": [1.3269491323264428e-07], "B_const": [0.00379960264652535]}, "best_aic_deg": 5, "best_aic_deg_idx": 4, "lr": [{"class_name": "PiecewiseConstantDecay", "config": {"boundaries": [1320], "values": [0.005, 0.005], "name": null}}, {"class_name": "PiecewiseConstantDecay", "config": {"boundaries": [1320], "values": [0.005, 0.005], "name": null}}, {"class_name": "PiecewiseConstantDecay", "config": {"boundaries": [1320], "values": [0.005, 0.005], "name": null}}, {"class_name": "PiecewiseConstantDecay", "config": {"boundaries": [1320], "values": [0.005, 0.005], "name": null}}, {"class_name": "PiecewiseConstantDecay", "config": {"boundaries": [1320], "values": [0.005, 0.005], "name": null}}, {"class_name": "PiecewiseConstantDecay", "config": {"boundaries": [1320], "values": [0.005, 0.005], "name": null}}, {"class_name": "PiecewiseConstantDecay", "config": {"boundaries": [1320], "values": [0.005, 0.005], "name": null}}, {"class_name": "PiecewiseConstantDecay", "config": {"boundaries": [1320], "values": [0.005, 0.005], "name": null}}], "optimizer": [{"class_name": "Adam", "config": {"name": "Adam", "learning_rate": 0.002, "decay": 0.0, "beta_1": 0.9, "beta_2": 0.999, "epsilon": 1e-07, "amsgrad": false}}, {"class_name": "Adam", "config": {"name": "Adam", "learning_rate": 0.002, "decay": 0.0, "beta_1": 0.9, "beta_2": 0.999, "epsilon": 1e-07, "amsgrad": false}}, {"class_name": "Adam", "config": {"name": "Adam", "learning_rate": 0.002, "decay": 0.0, "beta_1": 0.9, "beta_2": 0.999, "epsilon": 1e-07, "amsgrad": false}}, {"class_name": "Adam", "config": {"name": "Adam", "learning_rate": 0.002, "decay": 0.0, "beta_1": 0.9, "beta_2": 0.999, "epsilon": 1e-07, "amsgrad": false}}, {"class_name": "Adam", "config": {"name": "Adam", "learning_rate": 0.002, "decay": 0.0, "beta_1": 0.9, "beta_2": 0.999, "epsilon": 1e-07, "amsgrad": false}}, {"class_name": "Adam", "config": {"name": "Adam", "learning_rate": 0.002, "decay": 0.0, "beta_1": 0.9, "beta_2": 0.999, "epsilon": 1e-07, "amsgrad": false}}, {"class_name": "Adam", "config": {"name": "Adam", "learning_rate": 0.002, "decay": 0.0, "beta_1": 0.9, "beta_2": 0.999, "epsilon": 1e-07, "amsgrad": false}}, {"class_name": "Adam", "config": {"name": "Adam", "learning_rate": 0.002, "decay": 0.0, "beta_1": 0.9, "beta_2": 0.999, "epsilon": 1e-07, "amsgrad": false}}], "epochs": 500, "best_epochs": [439, 385, 378, 478, 492, 487, 497, 498], "batch_size": 64}