{"degree": [1, 2, 3, 4, 5, 6, 7, 8], "losses": [252.8323589681142, 50.39407741803889, -57.69991237964891, -126.26448962509122, -170.39684318345329, -173.84006879710424, -194.59891752832056, -206.14477797430672], "A_list": [[[5.056211690349117, 0.2771815867836225], [0.2771815867836225, 5.754707900469917]], [[5.98414849554004, -0.06301035300690301, 0.5497038631910465, -0.0061578703333734835], [-0.06301035300690301, 0.00891750093737252, -0.003244824741610644, 0.0006636588816881777], [0.5497038631910465, -0.003244824741610644, 6.654612704129933, -0.05594835495138623], [-0.0061578703333734835, 0.0006636588816881777, -0.05594835495138623, 0.010266126837168613]], [[6.406996429693637, -0.10291912259417833, 0.0025395426532651266, 0.6636404161878301, -0.0016044207361314373, -0.0004780681878281768], [-0.10291912259417833, 0.035583334860733014, -0.0020946936353471736, -0.001119133967724385, 0.0019213295736102657, -9.285651632004764e-05], [0.0025395426532651266, -0.0020946936353471736, 0.00016448969995639097, -0.00024166467293567712, -0.00012955130161134952, 9.62771088327506e-06], [0.6636404161878301, -0.001119133967724385, -0.00024166467293567712, 7.506707771081761, -0.09573432873009946, 0.0018914599296671263], [-0.0016044207361314373, 0.0019213295736102657, -0.00012955130161134952, -0.09573432873009946, 0.04263858487089882, -0.0024178205382981172], [-0.0004780681878281768, -9.285651632004764e-05, 9.62771088327506e-06, 0.0018914599296671263, -0.0024178205382981172, 0.00017869189441535352]], [[6.3352941280418955, -0.10485036887448859, 0.004661833218274917, -0.00010680293904233047, 0.6778926065712984, 0.0006451716894652974, -0.0011426129318107719, 4.247492973864856e-05], [-0.10485036887448859, 0.060553310178696064, -0.008221800191902896, 0.00036770000313571835, -0.009275831575247674, 0.0010524841097090938, 0.00011308705216863097, -1.1436582714953002e-05], [0.004661833218274917, -0.008221800191902896, 0.0016030995237052339, -8.608008149272983e-05, 0.001486378016917404, -7.983322102084624e-05, -4.919065389514232e-06, 5.80973707491478e-07], [-0.00010680293904233047, 0.00036770000313571835, -8.608008149272983e-05, 5.1193138632008555e-06, -0.00011006064331409606, 5.218946495241498e-07, 3.251255147305615e-07, -3.1938596521626785e-09], [0.6778926065712984, -0.009275831575247674, 0.001486378016917404, -0.00011006064331409606, 7.420914178868051, -0.09618910942129838, 0.003815007833735043, -9.50755526905913e-05], [0.0006451716894652974, 0.0010524841097090938, -7.983322102084624e-05, 5.218946495241498e-07, -0.09618910942129838, 0.0625768810635373, -0.007683692194319352, 0.000320091705051907], [-0.0011426129318107719, 0.00011308705216863097, -4.919065389514232e-06, 3.251255147305615e-07, 0.003815007833735043, -0.007683692194319352, 0.001473467969227919, -7.822091116587798e-05], [4.247492973864856e-05, -1.1436582714953002e-05, 5.80973707491478e-07, -3.1938596521626785e-09, -9.50755526905913e-05, 0.000320091705051907, -7.822091116587798e-05, 4.694735609657573e-06]], [[6.300365480516409, -0.09941056709832685, 0.00559794400566217, -0.00026446591240756115, 2.7502742816763697e-06, 0.6832209041522294, 0.0034280157314298555, -0.0009642494653064979, -5.1564888239626494e-05, 6.1750107077880415e-06], [-0.09941056709832685, 0.06434810138860206, -0.010405885883677465, 0.0006709844313086455, -1.2435264946463717e-05, -0.011656911942941215, 0.0005957078146288492, 0.00012555789756014466, -4.874559633264847e-06, -4.5086146277928853e-07], [0.00559794400566217, -0.010405885883677465, 0.002800604588374129, -0.0002817758630402902, 9.805754947713161e-06, 0.0015483664736442718, 4.5915275682357065e-06, -1.578367703753263e-05, 1.992625641810195e-06, -7.901515910836187e-08], [-0.00026446591240756115, 0.0006709844313086455, -0.0002817758630402902, 3.9549552408626644e-05, -1.8013991618463007e-06, -6.112779560425976e-05, -1.8191614684846228e-05, 2.0524732457070367e-06, -2.0787101570431983e-07, 1.180397383766119e-08], [2.7502742816763697e-06, -1.2435264946463717e-05, 9.805754947713161e-06, -1.8013991618463007e-06, 9.558841875492047e-08, -3.531364989329416e-06, 1.3730833736894011e-06, -1.0441371471743697e-07, 8.47384208002588e-09, -4.74516467337928e-10], [0.6832209041522294, -0.011656911942941215, 0.0015483664736442718, -6.112779560425976e-05, -3.531364989329416e-06, 7.406224406056375, -0.0934317679140164, 0.005283126940320787, -0.00033504363373656603, 7.869601038202588e-06], [0.0034280157314298555, 0.0005957078146288492, 4.5915275682357065e-06, -1.8191614684846228e-05, 1.3730833736894011e-06, -0.0934317679140164, 0.06657346129000212, -0.009921582977463447, 0.0006260651190000395, -1.2554381945476833e-05], [-0.0009642494653064979, 0.00012555789756014466, -1.578367703753263e-05, 2.0524732457070367e-06, -1.0441371471743697e-07, 0.005283126940320787, -0.009921582977463447, 0.002680746126007451, -0.00027383669104879665, 9.786168683957455e-06], [-5.1564888239626494e-05, -4.874559633264847e-06, 1.992625641810195e-06, -2.0787101570431983e-07, 8.47384208002588e-09, -0.00033504363373656603, 0.0006260651190000395, -0.00027383669104879665, 3.8856987618274056e-05, -1.7835286445448104e-06], [6.1750107077880415e-06, -4.5086146277928853e-07, -7.901515910836187e-08, 1.180397383766119e-08, -4.74516467337928e-10, 7.869601038202588e-06, -1.2554381945476833e-05, 9.786168683957455e-06, -1.7835286445448104e-06, 9.44806682964408e-08]], [[6.29171682090984, -0.09106907731482007, 0.0028108206121629, 0.0002809824230953269, -6.0093542035123764e-05, 2.9627330901599495e-06, 0.6846484630285748, 0.0019690539638994105, -0.0005850451081235175, -7.105934501117672e-05, 2.8027721124556336e-06, 3.190485682634659e-07], [-0.09106907731482007, 0.06073085006189413, -0.00844809805797035, 5.8246635407112056e-05, 7.226231869361426e-05, -4.058744773240879e-06, -0.008942168928324216, 0.00015243414629729772, 0.00013163627748828742, -1.1612358107214848e-06, -1.2321232125244599e-06, 5.030431892461727e-08], [0.0028108206121629, -0.00844809805797035, 0.001996656052528888, -7.439469258761505e-05, -1.660172008324327e-05, 1.2177670333678342e-06, 0.0010599840127613392, 0.00013847546715748245, -1.4974617328269904e-05, -2.8461822024024456e-07, 1.821168684900264e-07, -1.0829327617325555e-08], [0.0002809824230953269, 5.8246635407112056e-05, -7.439469258761505e-05, 7.858481703452991e-06, 5.452063813075839e-07, -7.000251621458224e-08, 1.7153661123900288e-05, -1.5351886783048867e-05, 9.505526171807264e-08, 1.3016928825430628e-07, -2.5080875636973456e-08, 1.7301521737637285e-09], [-6.0093542035123764e-05, 7.226231869361426e-05, -1.660172008324327e-05, 5.452063813075839e-07, 1.443845605217501e-07, -9.999107438665757e-09, -1.784891962577025e-05, -3.5115331956845714e-07, 3.1270769579421634e-08, 1.784852305582403e-08, -3.302203493199132e-10, -8.17032904836168e-11], [2.9627330901599495e-06, -4.058744773240879e-06, 1.2177670333678342e-06, -7.000251621458224e-08, -9.999107438665757e-09, 8.762976666454764e-10, 9.177396802470476e-07, 7.646571168052704e-08, 1.2278472611413228e-09, -2.3406638155842457e-09, 1.5973440090300113e-10, -1.5159133035802722e-12], [0.6846484630285748, -0.008942168928324216, 0.0010599840127613392, 1.7153661123900288e-05, -1.784891962577025e-05, 9.177396802470476e-07, 7.401131398251057, -0.08515480439796189, 0.0033215306680106096, 0.00017887652304796617, -7.15717051265845e-05, 4.294564352211748e-06], [0.0019690539638994105, 0.00015243414629729772, 0.00013847546715748245, -1.5351886783048867e-05, -3.5115331956845714e-07, 7.646571168052704e-08, -0.08515480439796189, 0.06569063676082888, -0.008957890256234629, 0.00011707036161126615, 7.053114118743394e-05, -4.231845743001984e-06], [-0.0005850451081235175, 0.00013163627748828742, -1.4974617328269904e-05, 9.505526171807264e-08, 3.1270769579421634e-08, 1.2278472611413228e-09, 0.0033215306680106096, -0.008957890256234629, 0.0021848011547223865, -9.487518827383821e-05, -1.6456517030252467e-05, 1.2775429139022213e-06], [-7.105934501117672e-05, -1.1612358107214848e-06, -2.8461822024024456e-07, 1.3016928825430628e-07, 1.784852305582403e-08, -2.3406638155842457e-09, 0.00017887652304796617, 0.00011707036161126615, -9.487518827383821e-05, 9.060895703656962e-06, 6.466678775249839e-07, -7.909473578833072e-08], [2.8027721124556336e-06, -1.2321232125244599e-06, 1.821168684900264e-07, -2.5080875636973456e-08, -3.302203493199132e-10, 1.5973440090300113e-10, -7.15717051265845e-05, 7.053114118743394e-05, -1.6456517030252467e-05, 6.466678775249839e-07, 1.3047094307181342e-07, -9.565959352407359e-09], [3.190485682634659e-07, 5.030431892461727e-08, -1.0829327617325555e-08, 1.7301521737637285e-09, -8.17032904836168e-11, -1.5159133035802722e-12, 4.294564352211748e-06, -4.231845743001984e-06, 1.2775429139022213e-06, -7.909473578833072e-08, -9.565959352407359e-09, 8.808178219348504e-10]], [[6.279162028444132, -0.09147616430665438, 0.003978730614715561, 1.0576718330538159e-05, -3.0010759213425145e-05, 7.851331224468271e-07, 8.355938040249105e-08, 0.6781360243337176, 0.005299735522481943, -0.0012549040910259962, 4.976827810997474e-05, -8.172663239632002e-06, -1.779160301118473e-08, 7.03562140714815e-08], [-0.09147616430665438, 0.06267647496625228, -0.00959397356219573, 0.0002934762875801881, 4.1226374357918527e-05, -1.0331107127665758e-06, -1.3651747075067595e-07, -0.0105324340558105, 0.00014015203859751827, 0.0001130606711755161, 4.496615260142484e-06, -1.1186739638058674e-06, -5.2569131005095894e-08, 5.800170342689676e-09], [0.003978730614715561, -0.00959397356219573, 0.0025200651748877663, -0.00017723013096589902, -7.988442541590418e-06, 1.0578208355639773e-06, -9.037110278902294e-09, 0.0013785500408919364, 0.00020903248744540506, -3.8354490121196164e-05, 2.233072068308371e-06, 6.300807192282238e-08, -1.42161771041928e-09, -6.559470379456423e-10], [1.0576718330538159e-05, 0.0002934762875801881, -0.00017723013096589902, 2.7620390410025153e-05, -2.509883933851067e-07, -2.279606112423418e-07, 1.2417945927629498e-08, 5.757030872755457e-05, -3.9310889959241075e-05, 7.843773467515214e-06, -8.460928074122275e-07, 1.2353499327032822e-08, 3.075609204702992e-09, -9.96088616515236e-11], [-3.0010759213425145e-05, 4.1226374357918527e-05, -7.988442541590418e-06, -2.509883933851067e-07, 8.725501951004425e-08, 6.099509053953801e-09, -8.398845453612523e-10, -1.80759179673793e-05, 1.9266216267008974e-07, -1.7586913783452165e-07, 4.4713105125800223e-08, -8.71247014939966e-10, -3.3223384935492773e-10, 1.8726368549812865e-11], [7.851331224468271e-07, -1.0331107127665758e-06, 1.0578208355639773e-06, -2.279606112423418e-07, 6.099509053953801e-09, 2.0859455564515866e-09, -1.3889491515887053e-10, -7.757429688795668e-07, 3.416188116762365e-07, -7.772767574758062e-08, 7.636208233204507e-09, -2.124017405700407e-11, -2.748052311259998e-11, 5.478566522358023e-13], [8.355938040249105e-08, -1.3651747075067595e-07, -9.037110278902294e-09, 1.2417945927629498e-08, -8.398845453612523e-10, -1.3889491515887053e-10, 1.229993544710293e-11, 1.2298704387636555e-07, -1.696642766560734e-08, 5.086859922581665e-09, -6.34821678646302e-10, 1.2708022156304976e-12, 3.478477612209216e-12, -1.2845092128896748e-13], [0.6781360243337176, -0.0105324340558105, 0.0013785500408919364, 5.757030872755457e-05, -1.80759179673793e-05, -7.757429688795668e-07, 1.2298704387636555e-07, 7.408442203344875, -0.08858103788509121, 0.00487882787357039, -0.00011558108624103182, -2.8040086974002906e-05, -9.172023371276023e-07, 2.5938039628197795e-07], [0.005299735522481943, 0.00014015203859751827, 0.00020903248744540506, -3.9310889959241075e-05, 1.9266216267008974e-07, 3.416188116762365e-07, -1.696642766560734e-08, -0.08858103788509121, 0.06648698487850749, -0.009534398150200242, 0.00026180085655900707, 4.229980478715156e-05, -7.322767995430519e-07, -1.678737061760656e-07], [-0.0012549040910259962, 0.0001130606711755161, -3.8354490121196164e-05, 7.843773467515214e-06, -1.7586913783452165e-07, -7.772767574758062e-08, 5.086859922581665e-09, 0.00487882787357039, -0.009534398150200242, 0.0024433656149993543, -0.00016235573542546904, -8.463270318640027e-06, 9.430371444192675e-07, -2.133578795553095e-10], [4.976827810997474e-05, 4.496615260142484e-06, 2.233072068308371e-06, -8.460928074122275e-07, 4.4713105125800223e-08, 7.636208233204507e-09, -6.34821678646302e-10, -0.00011558108624103182, 0.00026180085655900707, -0.00016235573542546904, 2.517358269303242e-05, -2.1577856584003923e-07, -2.0958599704916846e-07, 1.1404952719986642e-08], [-8.172663239632002e-06, -1.1186739638058674e-06, 6.300807192282238e-08, 1.2353499327032822e-08, -8.71247014939966e-10, -2.124017405700407e-11, 1.2708022156304976e-12, -2.8040086974002906e-05, 4.229980478715156e-05, -8.463270318640027e-06, -2.1577856584003923e-07, 9.073234814278199e-08, 5.826852914424596e-09, -8.517890551279227e-10], [-1.779160301118473e-08, -5.2569131005095894e-08, -1.42161771041928e-09, 3.075609204702992e-09, -3.3223384935492773e-10, -2.748052311259998e-11, 3.478477612209216e-12, -9.172023371276023e-07, -7.322767995430519e-07, 9.430371444192675e-07, -2.0958599704916846e-07, 5.826852914424596e-09, 1.943506893389239e-09, -1.3045539653985437e-10], [7.03562140714815e-08, 5.800170342689676e-09, -6.559470379456423e-10, -9.96088616515236e-11, 1.8726368549812865e-11, 5.478566522358023e-13, -1.2845092128896748e-13, 2.5938039628197795e-07, -1.678737061760656e-07, -2.133578795553095e-10, 1.1404952719986642e-08, -8.517890551279227e-10, -1.3045539653985437e-10, 1.1933275159143746e-11]], [[6.298872782757154, -0.09910314007928367, 0.005386667551946556, -7.143362454642455e-05, -3.7829727796017835e-05, 8.73644792530473e-07, 2.9224468443608806e-07, -1.5408469753727744e-08, 0.6865479870339588, 0.00428376942349486, -0.0010992233814072297, 2.7813256821206282e-05, 1.291400943582835e-06, -7.642584148506173e-07, -4.751515115770827e-08, 1.1508652343069186e-08], [-0.09910314007928367, 0.06950618159598558, -0.011174620658372967, 0.00033758688764962347, 5.775217383384407e-05, -8.360789382357672e-07, -4.296045651086901e-07, 1.6271436039266347e-08, -0.01324005337364801, -0.0005776159797160692, 0.0002749379557978983, -1.1514301531258155e-05, -9.888438884019043e-07, 4.327763856629294e-08, 3.832560783164975e-09, -2.196797384593292e-10], [0.005386667551946556, -0.011174620658372967, 0.00297679862941452, -0.0001913859215495825, -1.551149716912696e-05, 9.814003032901786e-07, 1.6425283572500215e-07, -1.0911049154900067e-08, 0.001966920984237023, 0.0002915380314912458, -6.737728893354011e-05, 6.468227791961506e-06, 2.1682826482681085e-07, -4.679874723507799e-08, -3.383969702491146e-09, 3.721146520213006e-10], [-7.143362454642455e-05, 0.00033758688764962347, -0.0001913859215495825, 2.4743070833583048e-05, 8.367401783484541e-07, -1.7847265385146579e-07, -1.7160491755747e-08, 1.7939497705719712e-09, -7.04895709115961e-05, -2.608275935983453e-05, 6.6903369557335945e-06, -9.86687289297416e-07, -2.8123570895828738e-08, 8.277841315325827e-09, 7.000762381460823e-10, -7.892051855239738e-11], [-3.7829727796017835e-05, 5.775217383384407e-05, -1.551149716912696e-05, 8.367401783484541e-07, 8.993048055927115e-08, -2.9835710826390996e-09, -7.804985958708712e-10, 3.36222386396477e-11, 6.6857624030717315e-06, -1.4057599189468077e-06, 9.397169915457424e-08, 1.3365378184900695e-08, 5.802902535106686e-10, -1.3515748573465614e-10, -2.0970494074368058e-11, 1.8875408274813584e-12], [8.73644792530473e-07, -8.360789382357672e-07, 9.814003032901786e-07, -1.7847265385146579e-07, -2.9835710826390996e-09, 1.4690956685261457e-09, 1.157938054165145e-10, -1.474465000378582e-11, -1.6824614614698096e-06, 9.453469204659246e-08, -2.1605279677802627e-08, 4.116095426236799e-09, 1.414311062625578e-10, -4.0542885474244864e-11, -3.5156550135993815e-12, 4.153573961550972e-13], [2.9224468443608806e-07, -4.296045651086901e-07, 1.6425283572500215e-07, -1.7160491755747e-08, -7.804985958708712e-10, 1.157938054165145e-10, 1.2722317718455005e-11, -1.183242808513383e-12, -1.6258061880111136e-07, 2.2047902281911665e-08, -3.624909233540514e-09, 4.428563313999243e-10, 1.0777778041930356e-11, -3.699732972568051e-12, -2.68872218809383e-13, 3.4516437684034e-14], [-1.5408469753727744e-08, 1.6271436039266347e-08, -1.0911049154900067e-08, 1.7939497705719712e-09, 3.36222386396477e-11, -1.474465000378582e-11, -1.183242808513383e-12, 1.4982477434556894e-13, 2.1968356866818995e-08, -1.3350330193795392e-09, 2.843425356114016e-10, -5.25546458104273e-11, -1.7597058960786407e-12, 5.088982692516158e-13, 4.3691743278242244e-14, -5.211449871020567e-15], [0.6865479870339588, -0.01324005337364801, 0.001966920984237023, -7.04895709115961e-05, 6.6857624030717315e-06, -1.6824614614698096e-06, -1.6258061880111136e-07, 2.1968356866818995e-08, 7.400501381779076, -0.09120106750236241, 0.0051387963012373625, -3.996403757460224e-05, -5.00378226959634e-05, 1.8087544730633583e-07, 4.594900670716453e-07, -1.782690167109424e-08], [0.00428376942349486, -0.0005776159797160692, 0.0002915380314912458, -2.608275935983453e-05, -1.4057599189468077e-06, 9.453469204659246e-08, 2.2047902281911665e-08, -1.3350330193795392e-09, -0.09120106750236241, 0.07314123649588065, -0.011492007967889808, 0.0003950887019163174, 6.0306232275046204e-05, -1.5334994083868183e-06, -4.995081868511715e-07, 2.3857526830893048e-08], [-0.0010992233814072297, 0.0002749379557978983, -6.737728893354011e-05, 6.6903369557335945e-06, 9.397169915457424e-08, -2.1605279677802627e-08, -3.624909233540514e-09, 2.843425356114016e-10, 0.0051387963012373625, -0.011492007967889808, 0.0031540600903815774, -0.00021418796288728603, -1.6389207405664314e-05, 1.1516722296236338e-06, 1.8379702991376423e-07, -1.2830731579967032e-08], [2.7813256821206282e-05, -1.1514301531258155e-05, 6.468227791961506e-06, -9.86687289297416e-07, 1.3365378184900695e-08, 4.116095426236799e-09, 4.428563313999243e-10, -5.25546458104273e-11, -3.996403757460224e-05, 0.0003950887019163174, -0.00021418796288728603, 2.6661393739372426e-05, 9.235045440639379e-07, -1.8713465404814705e-07, -1.876133566264562e-08, 1.9229228841438525e-09], [1.291400943582835e-06, -9.888438884019043e-07, 2.1682826482681085e-07, -2.8123570895828738e-08, 5.802902535106686e-10, 1.414311062625578e-10, 1.0777778041930356e-11, -1.7597058960786407e-12, -5.00378226959634e-05, 6.0306232275046204e-05, -1.6389207405664314e-05, 9.235045440639379e-07, 9.548703400271579e-08, -3.5964456074145113e-09, -8.69067193752542e-10, 4.085618077591309e-11], [-7.642584148506173e-07, 4.327763856629294e-08, -4.679874723507799e-08, 8.277841315325827e-09, -1.3515748573465614e-10, -4.0542885474244864e-11, -3.699732972568051e-12, 5.088982692516158e-13, 1.8087544730633583e-07, -1.5334994083868183e-06, 1.1516722296236338e-06, -1.8713465404814705e-07, -3.5964456074145113e-09, 1.4737376025140082e-09, 1.2365922342613896e-10, -1.513312688879681e-11], [-4.751515115770827e-08, 3.832560783164975e-09, -3.383969702491146e-09, 7.000762381460823e-10, -2.0970494074368058e-11, -3.5156550135993815e-12, -2.68872218809383e-13, 4.3691743278242244e-14, 4.594900670716453e-07, -4.995081868511715e-07, 1.8379702991376423e-07, -1.876133566264562e-08, -8.69067193752542e-10, 1.2365922342613896e-10, 1.4164268810095377e-11, -1.2919698764954096e-12], [1.1508652343069186e-08, -2.196797384593292e-10, 3.721146520213006e-10, -7.892051855239738e-11, 1.8875408274813584e-12, 4.153573961550972e-13, 3.4516437684034e-14, -5.211449871020567e-15, -1.782690167109424e-08, 2.3857526830893048e-08, -1.2830731579967032e-08, 1.9229228841438525e-09, 4.085618077591309e-11, -1.513312688879681e-11, -1.2919698764954096e-12, 1.5691642713095888e-13]]], "B_list": [{"B_d": [[0.370426270321685], [0.002688110082182675], [0.0002450367363164943]], "B_theta": [7.094691656233229e-06], "B_const": [0.6650810496988225]}, {"B_d": [[0.02369415060035339], [6.552186364761227e-06], [2.5970293695533476e-06]], "B_theta": [1.3166970669427188e-05], "B_const": [0.070044534480905]}, {"B_d": [[0.001698991880727533], [1.3521398315123965e-05], [5.666198040700346e-07]], "B_theta": [9.808248952166541e-06], "B_const": [0.020506724985394516]}, {"B_d": [[0.00016255676274605602], [7.174531123820041e-07], [3.3692406274931477e-07]], "B_theta": [1.225341884580771e-06], "B_const": [0.00954988362690354]}, {"B_d": [[1.0158605167426921e-05], [8.945244114898425e-08], [4.4563280272396367e-07]], "B_theta": [2.2485068550099723e-07], "B_const": [0.0053238478740436895]}, {"B_d": [[9.709009797517987e-05], [4.180929611728901e-07], [4.859777391200905e-07]], "B_theta": [2.7922918665075964e-07], "B_const": [0.005263028076433575]}, {"B_d": [[9.253320350105474e-05], [3.396411577276207e-06], [5.166608668531722e-07]], "B_theta": [4.0704747808219186e-08], "B_const": [0.003507983827861179]}, {"B_d": [[0.00010759176021034962], [1.0129534020049956e-06], [6.356516620959365e-07]], "B_theta": [3.544374005187833e-08], "B_const": [0.00325477512108515]}], "bic_scores": [270.83159764943525, 84.14264994551587, 0.797613334644538, -34.01839138332079, -35.402553073545334, 12.902032521601768, 52.890614339844035, 111.09180378397699], "best_bic": -35.402553073545334, "best_bic_A": [[6.300365480516409, -0.09941056709832685, 0.00559794400566217, -0.00026446591240756115, 2.7502742816763697e-06, 0.6832209041522294, 0.0034280157314298555, -0.0009642494653064979, -5.1564888239626494e-05, 6.1750107077880415e-06], [-0.09941056709832685, 0.06434810138860206, -0.010405885883677465, 0.0006709844313086455, -1.2435264946463717e-05, -0.011656911942941215, 0.0005957078146288492, 0.00012555789756014466, -4.874559633264847e-06, -4.5086146277928853e-07], [0.00559794400566217, -0.010405885883677465, 0.002800604588374129, -0.0002817758630402902, 9.805754947713161e-06, 0.0015483664736442718, 4.5915275682357065e-06, -1.578367703753263e-05, 1.992625641810195e-06, -7.901515910836187e-08], [-0.00026446591240756115, 0.0006709844313086455, -0.0002817758630402902, 3.9549552408626644e-05, -1.8013991618463007e-06, -6.112779560425976e-05, -1.8191614684846228e-05, 2.0524732457070367e-06, -2.0787101570431983e-07, 1.180397383766119e-08], [2.7502742816763697e-06, -1.2435264946463717e-05, 9.805754947713161e-06, -1.8013991618463007e-06, 9.558841875492047e-08, -3.531364989329416e-06, 1.3730833736894011e-06, -1.0441371471743697e-07, 8.47384208002588e-09, -4.74516467337928e-10], [0.6832209041522294, -0.011656911942941215, 0.0015483664736442718, -6.112779560425976e-05, -3.531364989329416e-06, 7.406224406056375, -0.0934317679140164, 0.005283126940320787, -0.00033504363373656603, 7.869601038202588e-06], [0.0034280157314298555, 0.0005957078146288492, 4.5915275682357065e-06, -1.8191614684846228e-05, 1.3730833736894011e-06, -0.0934317679140164, 0.06657346129000212, -0.009921582977463447, 0.0006260651190000395, -1.2554381945476833e-05], [-0.0009642494653064979, 0.00012555789756014466, -1.578367703753263e-05, 2.0524732457070367e-06, -1.0441371471743697e-07, 0.005283126940320787, -0.009921582977463447, 0.002680746126007451, -0.00027383669104879665, 9.786168683957455e-06], [-5.1564888239626494e-05, -4.874559633264847e-06, 1.992625641810195e-06, -2.0787101570431983e-07, 8.47384208002588e-09, -0.00033504363373656603, 0.0006260651190000395, -0.00027383669104879665, 3.8856987618274056e-05, -1.7835286445448104e-06], [6.1750107077880415e-06, -4.5086146277928853e-07, -7.901515910836187e-08, 1.180397383766119e-08, -4.74516467337928e-10, 7.869601038202588e-06, -1.2554381945476833e-05, 9.786168683957455e-06, -1.7835286445448104e-06, 9.44806682964408e-08]], "best_bic_B": {"B_d": [[1.0158605167426921e-05], [8.945244114898425e-08], [4.4563280272396367e-07]], "B_theta": [2.2485068550099723e-07], "B_const": [0.0053238478740436895]}, "best_bic_deg": 5, "best_bic_deg_idx": 4, "aic_scores": [260.8323589681142, 65.39407741803889, -31.699912379648907, -85.26448962509122, -110.39684318345329, -90.84006879710424, -84.59891752832056, -65.14477797430672], "best_aic": -110.39684318345329, "best_aic_A": [[6.300365480516409, -0.09941056709832685, 0.00559794400566217, -0.00026446591240756115, 2.7502742816763697e-06, 0.6832209041522294, 0.0034280157314298555, -0.0009642494653064979, -5.1564888239626494e-05, 6.1750107077880415e-06], [-0.09941056709832685, 0.06434810138860206, -0.010405885883677465, 0.0006709844313086455, -1.2435264946463717e-05, -0.011656911942941215, 0.0005957078146288492, 0.00012555789756014466, -4.874559633264847e-06, -4.5086146277928853e-07], [0.00559794400566217, -0.010405885883677465, 0.002800604588374129, -0.0002817758630402902, 9.805754947713161e-06, 0.0015483664736442718, 4.5915275682357065e-06, -1.578367703753263e-05, 1.992625641810195e-06, -7.901515910836187e-08], [-0.00026446591240756115, 0.0006709844313086455, -0.0002817758630402902, 3.9549552408626644e-05, -1.8013991618463007e-06, -6.112779560425976e-05, -1.8191614684846228e-05, 2.0524732457070367e-06, -2.0787101570431983e-07, 1.180397383766119e-08], [2.7502742816763697e-06, -1.2435264946463717e-05, 9.805754947713161e-06, -1.8013991618463007e-06, 9.558841875492047e-08, -3.531364989329416e-06, 1.3730833736894011e-06, -1.0441371471743697e-07, 8.47384208002588e-09, -4.74516467337928e-10], [0.6832209041522294, -0.011656911942941215, 0.0015483664736442718, -6.112779560425976e-05, -3.531364989329416e-06, 7.406224406056375, -0.0934317679140164, 0.005283126940320787, -0.00033504363373656603, 7.869601038202588e-06], [0.0034280157314298555, 0.0005957078146288492, 4.5915275682357065e-06, -1.8191614684846228e-05, 1.3730833736894011e-06, -0.0934317679140164, 0.06657346129000212, -0.009921582977463447, 0.0006260651190000395, -1.2554381945476833e-05], [-0.0009642494653064979, 0.00012555789756014466, -1.578367703753263e-05, 2.0524732457070367e-06, -1.0441371471743697e-07, 0.005283126940320787, -0.009921582977463447, 0.002680746126007451, -0.00027383669104879665, 9.786168683957455e-06], [-5.1564888239626494e-05, -4.874559633264847e-06, 1.992625641810195e-06, -2.0787101570431983e-07, 8.47384208002588e-09, -0.00033504363373656603, 0.0006260651190000395, -0.00027383669104879665, 3.8856987618274056e-05, -1.7835286445448104e-06], [6.1750107077880415e-06, -4.5086146277928853e-07, -7.901515910836187e-08, 1.180397383766119e-08, -4.74516467337928e-10, 7.869601038202588e-06, -1.2554381945476833e-05, 9.786168683957455e-06, -1.7835286445448104e-06, 9.44806682964408e-08]], "best_aic_B": {"B_d": [[1.0158605167426921e-05], [8.945244114898425e-08], [4.4563280272396367e-07]], "B_theta": [2.2485068550099723e-07], "B_const": [0.0053238478740436895]}, "best_aic_deg": 5, "best_aic_deg_idx": 4, "lr": [{"class_name": "PiecewiseConstantDecay", "config": {"boundaries": [1320], "values": [0.005, 0.005], "name": null}}, {"class_name": "PiecewiseConstantDecay", "config": {"boundaries": [1320], "values": [0.005, 0.005], "name": null}}, {"class_name": "PiecewiseConstantDecay", "config": {"boundaries": [1320], "values": [0.005, 0.005], "name": null}}, {"class_name": "PiecewiseConstantDecay", "config": {"boundaries": [1320], "values": [0.005, 0.005], "name": null}}, {"class_name": "PiecewiseConstantDecay", "config": {"boundaries": [1320], "values": [0.005, 0.005], "name": null}}, {"class_name": "PiecewiseConstantDecay", "config": {"boundaries": [1320], "values": [0.005, 0.005], "name": null}}, {"class_name": "PiecewiseConstantDecay", "config": {"boundaries": [1320], "values": [0.005, 0.005], "name": null}}, {"class_name": "PiecewiseConstantDecay", "config": {"boundaries": [1320], "values": [0.005, 0.005], "name": null}}], "optimizer": [{"class_name": "Adam", "config": {"name": "Adam", "learning_rate": 0.002, "decay": 0.0, "beta_1": 0.9, "beta_2": 0.999, "epsilon": 1e-07, "amsgrad": false}}, {"class_name": "Adam", "config": {"name": "Adam", "learning_rate": 0.002, "decay": 0.0, "beta_1": 0.9, "beta_2": 0.999, "epsilon": 1e-07, "amsgrad": false}}, {"class_name": "Adam", "config": {"name": "Adam", "learning_rate": 0.002, "decay": 0.0, "beta_1": 0.9, "beta_2": 0.999, "epsilon": 1e-07, "amsgrad": false}}, {"class_name": "Adam", "config": {"name": "Adam", "learning_rate": 0.002, "decay": 0.0, "beta_1": 0.9, "beta_2": 0.999, "epsilon": 1e-07, "amsgrad": false}}, {"class_name": "Adam", "config": {"name": "Adam", "learning_rate": 0.002, "decay": 0.0, "beta_1": 0.9, "beta_2": 0.999, "epsilon": 1e-07, "amsgrad": false}}, {"class_name": "Adam", "config": {"name": "Adam", "learning_rate": 0.002, "decay": 0.0, "beta_1": 0.9, "beta_2": 0.999, "epsilon": 1e-07, "amsgrad": false}}, {"class_name": "Adam", "config": {"name": "Adam", "learning_rate": 0.002, "decay": 0.0, "beta_1": 0.9, "beta_2": 0.999, "epsilon": 1e-07, "amsgrad": false}}, {"class_name": "Adam", "config": {"name": "Adam", "learning_rate": 0.002, "decay": 0.0, "beta_1": 0.9, "beta_2": 0.999, "epsilon": 1e-07, "amsgrad": false}}], "epochs": 500, "best_epochs": [414, 399, 489, 495, 498, 463, 499, 493], "batch_size": 64}