{"degree": [1, 2, 3, 4, 5, 6, 7, 8], "losses": [54.03024548403779, -59.140927062317225, -109.38083009012274, -144.63933585950107, -170.36619588424523, -172.0148198922351, -185.8237592866377, -194.58077643195364], "A_list": [[[6.031399853404775, 0.6259374218634668], [0.6259374218634668, 7.292496024519643]], [[6.27646145734643, -0.059584391398221845, 0.6688327800122474, -0.008789913138188976], [-0.059584391398221845, 0.014544976230472621, -0.005171125572401064, 0.0006110785730100364], [0.6688327800122474, -0.005171125572401064, 7.597453661575113, -0.07224706898682283], [-0.008789913138188976, 0.0006110785730100364, -0.07224706898682283, 0.017509452193976698]], [[6.2479452592049665, -0.07726125969745971, 0.0018937651670171648, 0.6491164508778131, -0.004992598052484065, -0.000873736190458185], [-0.07726125969745971, 0.05705766837623939, -0.005842065509394833, -0.0005549788205516023, 0.0011835105130855348, 0.00010141671445674136], [0.0018937651670171648, -0.005842065509394833, 0.0008029130207654612, -0.00046401466168867944, -0.00021904664787076778, 3.4073827041128033e-06], [0.6491164508778131, -0.0005549788205516023, -0.00046401466168867944, 7.621833057445524, -0.11609818671420417, 0.0055820961914752115], [-0.004992598052484065, 0.0011835105130855348, -0.00021904664787076778, -0.11609818671420417, 0.05912073795534506, -0.0056353064587332065], [-0.000873736190458185, 0.00010141671445674136, 3.4073827041128033e-06, 0.0055820961914752115, -0.0056353064587332065, 0.0007606379728292427]], [[6.247370414870143, -0.11515005682809668, 0.017351930924033535, -0.0015545662906935175, 0.6446200577029203, -0.0021978756089053733, -0.002238960172122404, 0.0001330068987278398], [-0.11515005682809668, 0.1294008395510969, -0.033627652238930515, 0.002879507689593106, 0.007812723924639964, 0.003014017129188899, -0.00036819621740654247, 5.8050388506212195e-05], [0.017351930924033535, -0.033627652238930515, 0.011345297084242327, -0.0010939703041077896, -0.004450239825150008, 0.0001828184106193484, -0.00019906062622896856, 1.899485083364488e-05], [-0.0015545662906935175, 0.002879507689593106, -0.0010939703041077896, 0.00011334283764734377, 0.00044899944239468426, -6.47067061733745e-05, 2.9557976579448238e-05, -2.8949026970120193e-06], [0.6446200577029203, 0.007812723924639964, -0.004450239825150008, 0.00044899944239468426, 7.59837256426959, -0.11945078381098544, 0.009599035290702156, -0.0003878575513829014], [-0.0021978756089053733, 0.003014017129188899, 0.0001828184106193484, -6.47067061733745e-05, -0.11945078381098544, 0.12340228664640515, -0.03189232562488383, 0.002743380124605358], [-0.002238960172122404, -0.00036819621740654247, -0.00019906062622896856, 2.9557976579448238e-05, 0.009599035290702156, -0.03189232562488383, 0.011263826132169672, -0.0010999035294528086], [0.0001330068987278398, 5.8050388506212195e-05, 1.899485083364488e-05, -2.8949026970120193e-06, -0.0003878575513829014, 0.002743380124605358, -0.0010999035294528086, 0.00011510312569787808]], [[6.212611103404524, -0.10497241588363446, 0.015306717842546818, -0.0009807166385502628, -8.307520529837647e-05, 0.6211382905364403, 0.000819047345399368, -0.0026021243652908036, 0.00021287254093466971, -3.6600063968715105e-06], [-0.10497241588363446, 0.15100264801194285, -0.05100955575539699, 0.007397508315312666, -0.0003744958875138352, 0.018623468713270943, 0.0028910004492814466, -0.0004687275306071076, 3.644229365874653e-05, 5.894430459142106e-06], [0.015306717842546818, -0.05100955575539699, 0.02597983195166813, -0.005125084232130178, 0.0003537871054450316, -0.009238263996955218, 8.35104411451165e-05, 6.513502100940806e-05, -2.6444340616639724e-05, 1.8673275451752056e-06], [-0.0009807166385502628, 0.007397508315312666, -0.005125084232130178, 0.0012545992982270638, -0.0001019274301330167, 0.0014875187338792754, -1.1936142614572403e-05, -5.0405371758596105e-05, 1.0969857150480032e-05, -6.963794387085086e-07], [-8.307520529837647e-05, -0.0003744958875138352, 0.0003537871054450316, -0.0001019274301330167, 9.168642810352283e-06, -8.823353529294585e-05, -5.464747366565534e-06, 7.572403697346349e-06, -1.2767931172532926e-06, 6.572986058655536e-08], [0.6211382905364403, 0.018623468713270943, -0.009238263996955218, 0.0014875187338792754, -8.823353529294585e-05, 7.508336188553352, -0.09939395997521083, 0.004182334619265117, 0.0011323000286158767, -0.0001805217545903648], [0.000819047345399368, 0.0028910004492814466, 8.35104411451165e-05, -1.1936142614572403e-05, -5.464747366565534e-06, -0.09939395997521083, 0.14462320971965414, -0.04881850198767784, 0.007130532021453934, -0.0003655622010196732], [-0.0026021243652908036, -0.0004687275306071076, 6.513502100940806e-05, -5.0405371758596105e-05, 7.572403697346349e-06, 0.004182334619265117, -0.04881850198767784, 0.025131673239011974, -0.004910969249497207, 0.0003351509794954079], [0.00021287254093466971, 3.644229365874653e-05, -2.6444340616639724e-05, 1.0969857150480032e-05, -1.2767931172532926e-06, 0.0011323000286158767, 0.007130532021453934, -0.004910969249497207, 0.001189944268690394, -9.602699267338524e-05], [-3.6600063968715105e-06, 5.894430459142106e-06, 1.8673275451752056e-06, -6.963794387085086e-07, 6.572986058655536e-08, -0.0001805217545903648, -0.0003655622010196732, 0.0003351509794954079, -9.602699267338524e-05, 8.634128648211022e-06]], [[6.221308321304062, -0.09206567943713781, 0.0086821374366214, 0.0007602982806274243, -0.0003954078795377887, 2.4907527445851013e-05, 0.6289688706887039, -0.00014124830820907628, -0.002479670751215238, 0.00014537101884452762, -2.459507411496686e-07, 2.728888355406927e-07], [-0.09206567943713781, 0.13810718569249864, -0.04165955823277017, 0.002122195994013425, 0.000996655603231601, -0.00012182077485042778, 0.019612576398978402, 0.0026399904341191257, -0.0003822446613990075, 2.3976747245525838e-05, -1.170438649804555e-06, 6.950520817090901e-07], [0.0086821374366214, -0.04165955823277017, 0.018599947604362416, -0.0016964372104391167, -0.0004077543071618455, 6.149372010809193e-05, -0.009415211824040015, 0.00044239710202810626, -7.118487444258677e-05, -2.16653159737207e-05, 1.2338670642511166e-05, -1.2152707088949874e-06], [0.0007602982806274243, 0.002122195994013425, -0.0016964372104391167, 0.0002698855540991441, 3.0024925859846255e-05, -6.832407739077825e-06, 0.0007873173497834977, -9.670592280173394e-05, 8.616827115752715e-06, 4.202237593635292e-06, -2.271302276650136e-06, 2.2141687490814613e-07], [-0.0003954078795377887, 0.000996655603231601, -0.0004077543071618455, 3.0024925859846255e-05, 9.782119776545674e-06, -1.3054623462558309e-06, 0.00017212802962753037, 3.2706613804153095e-06, -5.722194756057996e-06, 8.45639543386426e-07, 2.057484117248376e-08, -6.938986907764706e-09], [2.4907527445851013e-05, -0.00012182077485042778, 6.149372010809193e-05, -6.832407739077825e-06, -1.3054623462558309e-06, 2.1987969893257316e-07, -2.5816457098428208e-05, 2.0486053895754057e-09, 9.792672322029002e-07, -1.781187232091645e-07, 1.7136714279695922e-08, -9.784376158564593e-10], [0.6289688706887039, 0.019612576398978402, -0.009415211824040015, 0.0007873173497834977, 0.00017212802962753037, -2.5816457098428208e-05, 7.487676414169208, -0.07989633668630836, -0.004667659761194185, 0.0024094536427538608, -0.00019477476254220133, -5.312715701404574e-06], [-0.00014124830820907628, 0.0026399904341191257, 0.00044239710202810626, -9.670592280173394e-05, 3.2706613804153095e-06, 2.0486053895754057e-09, -0.07989633668630836, 0.1387002298783956, -0.041800340243748915, 0.002034785446107631, 0.0010346876400811609, -0.00012570558508556232], [-0.002479670751215238, -0.0003822446613990075, -7.118487444258677e-05, 8.616827115752715e-06, -5.722194756057996e-06, 9.792672322029002e-07, -0.004667659761194185, -0.041800340243748915, 0.01860078913873118, -0.0015741215882523673, -0.00043102540778378035, 6.255256066345999e-05], [0.00014537101884452762, 2.3976747245525838e-05, -2.16653159737207e-05, 4.202237593635292e-06, 8.45639543386426e-07, -1.781187232091645e-07, 0.0024094536427538608, 0.002034785446107631, -0.0015741215882523673, 0.00023886859855153455, 3.0126411125129846e-05, -6.4738133395128e-06], [-2.459507411496686e-07, -1.170438649804555e-06, 1.2338670642511166e-05, -2.271302276650136e-06, 2.057484117248376e-08, 1.7136714279695922e-08, -0.00019477476254220133, 0.0010346876400811609, -0.00043102540778378035, 3.0126411125129846e-05, 1.0893287787470621e-05, -1.428658121661374e-06], [2.728888355406927e-07, 6.950520817090901e-07, -1.2152707088949874e-06, 2.2141687490814613e-07, -6.938986907764706e-09, -9.784376158564593e-10, -5.312715701404574e-06, -0.00012570558508556232, 6.255256066345999e-05, -6.4738133395128e-06, -1.428658121661374e-06, 2.2917774762402995e-07]], [[6.20440719647567, -0.09132043923382394, 0.010738863847153994, -0.00024152928943584949, -0.00019920162205552054, -3.0101010805485698e-06, 2.462809891841913e-06, 0.6067634115242402, 0.004586285457084605, -0.004309025748313726, 0.0007418809811789428, -0.00010689164462965833, 7.246293752154892e-06, 1.2326185688361624e-07], [-0.09132043923382394, 0.14520401698851573, -0.045336856362936884, 0.003214146707810058, 0.00062850910806872, -3.198632286747682e-05, -8.040382601226143e-06, 0.02690818727394537, 0.0013311136680467872, 0.00025063037598468935, -0.00018437591573410296, 1.7363606078713305e-05, 4.108177299829732e-06, -5.685702409270271e-07], [0.010738863847153994, -0.045336856362936884, 0.021415099385271537, -0.0028221069462683454, -0.0002083992860823101, 5.193944165749573e-05, -5.996116606335199e-07, -0.011462189615732553, 0.0008961419359995958, -0.00037550900359474006, 7.92850374149393e-05, -1.4882883997949266e-06, -8.381656040989281e-07, 5.538095337053259e-08], [-0.00024152928943584949, 0.003214146707810058, -0.0028221069462683454, 0.0007333517990982759, -9.700055349775536e-06, -1.893643264691317e-05, 1.8120262910398679e-06, 0.0011709628126909135, -0.00015079087531603294, 6.077229837112511e-05, -1.5322271862234632e-05, 7.324500832970352e-07, 1.2049814217518032e-07, -1.2530754229603812e-08], [-0.00019920162205552054, 0.00062850910806872, -0.0002083992860823101, -9.700055349775536e-06, 6.819441571164414e-06, 8.624547343908531e-07, -2.1498606533122815e-07, -1.6207619180221292e-05, 6.655544197028069e-06, -5.939042897092369e-06, 9.209585770078553e-07, 3.403524987255855e-08, -1.813186913542052e-08, 1.053251833526314e-09], [-3.0101010805485698e-06, -3.198632286747682e-05, 5.193944165749573e-05, -1.893643264691317e-05, 8.624547343908531e-07, 5.49236083460857e-07, -6.505130624259617e-08, 2.9404802205024642e-05, -2.7089970716792614e-06, 5.109262161450137e-07, 1.7633232013499325e-07, -4.355151072195497e-08, 5.211163056733568e-10, 4.851885874162106e-10], [2.462809891841913e-06, -8.040382601226143e-06, -5.996116606335199e-07, 1.8120262910398679e-06, -2.1498606533122815e-07, -6.505130624259617e-08, 1.0233132168585016e-08, -5.0689575889010355e-06, 4.0778303896639505e-07, -7.953494432562273e-09, -1.935705905909749e-08, 3.267584434805569e-09, 5.190720738134979e-11, -5.001979955106967e-11], [0.6067634115242402, 0.02690818727394537, -0.011462189615732553, 0.0011709628126909135, -1.6207619180221292e-05, 2.9404802205024642e-05, -5.0689575889010355e-06, 7.50902966153188, -0.08104836440365344, -0.0011698755781200507, 0.0007193203835510713, 1.091872298618043e-06, 1.850343059029636e-05, -4.341771962525679e-06], [0.004586285457084605, 0.0013311136680467872, 0.0008961419359995958, -0.00015079087531603294, 6.655544197028069e-06, -2.7089970716792614e-06, 4.0778303896639505e-07, -0.08104836440365344, 0.14575622123827728, -0.04574104793372143, 0.0032880494990784677, 0.0006104926876721858, -2.6485171893243703e-05, -8.620455875985311e-06], [-0.004309025748313726, 0.00025063037598468935, -0.00037550900359474006, 6.077229837112511e-05, -5.939042897092369e-06, 5.109262161450137e-07, -7.953494432562273e-09, -0.0011698755781200507, -0.04574104793372143, 0.021576784110867102, -0.0027435521483355563, -0.000211266945252429, 4.712015319922277e-05, -5.072763476591098e-08], [0.0007418809811789428, -0.00018437591573410296, 7.92850374149393e-05, -1.5322271862234632e-05, 9.209585770078553e-07, 1.7633232013499325e-07, -1.935705905909749e-08, 0.0007193203835510713, 0.0032880494990784677, -0.0027435521483355563, 0.0006937067282953263, -7.2632576609917686e-06, -1.7945626011488377e-05, 1.6962525208541877e-06], [-0.00010689164462965833, 1.7363606078713305e-05, -1.4882883997949266e-06, 7.324500832970352e-07, 3.403524987255855e-08, -4.355151072195497e-08, 3.267584434805569e-09, 1.091872298618043e-06, 0.0006104926876721858, -0.000211266945252429, -7.2632576609917686e-06, 6.341555864621467e-06, 8.478959584663983e-07, -2.0766384519159233e-07], [7.246293752154892e-06, 4.108177299829732e-06, -8.381656040989281e-07, 1.2049814217518032e-07, -1.813186913542052e-08, 5.211163056733568e-10, 5.190720738134979e-11, 1.850343059029636e-05, -2.6485171893243703e-05, 4.712015319922277e-05, -1.7945626011488377e-05, 8.478959584663983e-07, 5.363790280607268e-07, -6.45257627725835e-08], [1.2326185688361624e-07, -5.685702409270271e-07, 5.538095337053259e-08, -1.2530754229603812e-08, 1.053251833526314e-09, 4.851885874162106e-10, -5.001979955106967e-11, -4.341771962525679e-06, -8.620455875985311e-06, -5.072763476591098e-08, 1.6962525208541877e-06, -2.0766384519159233e-07, -6.45257627725835e-08, 1.0200137594232417e-08]], [[6.175638865044744, -0.08411807028405102, 0.007092373621295882, 0.0010652977133450388, -0.0005454285451767266, 1.9852230367686135e-05, 1.4058092788766748e-05, -1.7269311376348488e-06, 0.625556298956241, 0.001905206430794107, -0.0032761203934820113, 0.00030563230262457136, 7.417602092163926e-05, -1.3078484505431929e-05, -4.5041090865450716e-06, 7.689230132745904e-07], [-0.08411807028405102, 0.1586392516150257, -0.05293048326938936, 0.004154307036170726, 0.0008660169980301319, -4.702346712523404e-05, -2.4319890807940083e-05, 2.075699389155438e-06, 0.02658152422984585, 0.0016562715254635073, 0.000169164733995842, -0.00012882257436254866, 4.483941179871376e-06, 2.788991348403071e-06, 5.196188946694572e-07, -1.0316981554861535e-07], [0.007092373621295882, -0.05293048326938936, 0.027067604471376093, -0.003696191210606943, -0.00040964312385194336, 6.40691256495854e-05, 1.6425869350162346e-05, -2.21536395285014e-06, -0.010155479938183727, 0.00039121291066269244, -9.68616796697748e-05, -7.401065200952698e-06, 3.957391844847748e-06, 6.032871411732278e-07, -1.3738507388188249e-07, -4.1114524377777785e-09], [0.0010652977133450388, 0.004154307036170726, -0.003696191210606943, 0.0008310158317073652, 4.418332895347777e-05, -1.8427950832564988e-05, -3.1287230610425303e-06, 5.969001143588329e-07, 0.00040482772754579354, 3.536884105951093e-05, -3.095652543739031e-05, 6.5976718791182286e-06, 2.7066108163585284e-09, -1.360499556749982e-07, -1.9914126419603435e-08, 5.412960830963657e-09], [-0.0005454285451767266, 0.0008660169980301319, -0.00040964312385194336, 4.418332895347777e-05, 7.151903758766772e-06, -5.630849261031013e-07, -2.244686897674929e-07, 2.041435575166631e-08, 0.00022043634882584423, -2.234381646687491e-05, 7.597045271459437e-06, -7.641589259102651e-07, -1.4072383045706102e-07, 3.6966368524951473e-09, 7.176115605088673e-09, -6.004013347647594e-10], [1.9852230367686135e-05, -4.702346712523404e-05, 6.40691256495854e-05, -1.8427950832564988e-05, -5.630849261031013e-07, 4.5200764516698054e-07, 6.526993139401723e-08, -1.4519594959327081e-08, -1.3905502389519195e-05, -4.7432512382883915e-08, 4.241814396217792e-09, -5.4422766966917936e-08, 1.1906803454640102e-08, 9.59584531094604e-10, 1.3491670190181364e-10, -8.665127533376493e-11], [1.4058092788766748e-05, -2.4319890807940083e-05, 1.6425869350162346e-05, -3.1287230610425303e-06, -2.244686897674929e-07, 6.526993139401723e-08, 1.2670914224942944e-08, -2.1477903761397823e-09, -3.378647488323606e-07, -1.2038826544566222e-07, -7.790545767982396e-08, 3.5492040523723625e-08, 8.914533296736551e-10, -9.281614312484636e-10, -1.7340068058417335e-10, 3.336420231075208e-11], [-1.7269311376348488e-06, 2.075699389155438e-06, -2.21536395285014e-06, 5.969001143588329e-07, 2.041435575166631e-08, -1.4519594959327081e-08, -2.1477903761397823e-09, 4.69848268571536e-10, -2.267720485506135e-07, 6.47857477885382e-08, 4.154176810855907e-09, -3.6862068833275615e-09, -1.7745710393844557e-10, 1.3886040864898234e-10, 1.1735251438106965e-11, -2.935909943508613e-12], [0.625556298956241, 0.02658152422984585, -0.010155479938183727, 0.00040482772754579354, 0.00022043634882584423, -1.3905502389519195e-05, -3.378647488323606e-07, -2.267720485506135e-07, 7.49733432496023, -0.07850471699258643, -0.001440790966920242, 0.0007191381041368267, -0.0001284397872863475, 1.5019178338244935e-05, 1.2648433576187216e-05, -2.2111132579707692e-06], [0.001905206430794107, 0.0016562715254635073, 0.00039121291066269244, 3.536884105951093e-05, -2.234381646687491e-05, -4.7432512382883915e-08, -1.2038826544566222e-07, 6.47857477885382e-08, -0.07850471699258643, 0.1599763905520554, -0.05359945627786999, 0.004237904667330977, 0.0008553686754631624, -4.740767234303876e-05, -2.3134004724380262e-05, 1.914432210914965e-06], [-0.0032761203934820113, 0.000169164733995842, -9.68616796697748e-05, -3.095652543739031e-05, 7.597045271459437e-06, 4.241814396217792e-09, -7.790545767982396e-08, 4.154176810855907e-09, -0.001440790966920242, -0.05359945627786999, 0.02712650536009812, -0.00357486875658836, -0.00041076784017165705, 6.098389479383332e-05, 1.5828430442737424e-05, -2.087374869494903e-06], [0.00030563230262457136, -0.00012882257436254866, -7.401065200952698e-06, 6.5976718791182286e-06, -7.641589259102651e-07, -5.4422766966917936e-08, 3.5492040523723625e-08, -3.6862068833275615e-09, 0.0007191381041368267, 0.004237904667330977, -0.00357486875658836, 0.0007833095551723693, 4.4897670972331814e-05, -1.7546460344633077e-05, -3.0566513092983963e-06, 5.757691608595124e-07], [7.417602092163926e-05, 4.483941179871376e-06, 3.957391844847748e-06, 2.7066108163585284e-09, -1.4072383045706102e-07, 1.1906803454640102e-08, 8.914533296736551e-10, -1.7745710393844557e-10, -0.0001284397872863475, 0.0008553686754631624, -0.00041076784017165705, 4.4897670972331814e-05, 6.9140073239665796e-06, -5.819848513763887e-07, -2.1505782542861378e-07, 1.9942093894517724e-08], [-1.3078484505431929e-05, 2.788991348403071e-06, 6.032871411732278e-07, -1.360499556749982e-07, 3.6966368524951473e-09, 9.59584531094604e-10, -9.281614312484636e-10, 1.3886040864898234e-10, 1.5019178338244935e-05, -4.740767234303876e-05, 6.098389479383332e-05, -1.7546460344633077e-05, -5.819848513763887e-07, 4.387192865516719e-07, 6.520923096763376e-08, -1.4385658156803638e-08], [-4.5041090865450716e-06, 5.196188946694572e-07, -1.3738507388188249e-07, -1.9914126419603435e-08, 7.176115605088673e-09, 1.3491670190181364e-10, -1.7340068058417335e-10, 1.1735251438106965e-11, 1.2648433576187216e-05, -2.3134004724380262e-05, 1.5828430442737424e-05, -3.0566513092983963e-06, -2.1505782542861378e-07, 6.520923096763376e-08, 1.2462328828239134e-08, -2.1570281385268926e-09], [7.689230132745904e-07, -1.0316981554861535e-07, -4.1114524377777785e-09, 5.412960830963657e-09, -6.004013347647594e-10, -8.665127533376493e-11, 3.336420231075208e-11, -2.935909943508613e-12, -2.2111132579707692e-06, 1.914432210914965e-06, -2.087374869494903e-06, 5.757691608595124e-07, 1.9942093894517724e-08, -1.4385658156803638e-08, -2.1570281385268926e-09, 4.749801491941075e-10]]], "B_list": [{"B_d": [[0.04769703054305154], [4.2607609045156376e-05], [5.7109340637303925e-06]], "B_theta": [4.053703723155046e-06], "B_const": [0.1191755576597567]}, {"B_d": [[0.000646904262159314], [9.449563003510249e-07], [1.0444280106139459e-06]], "B_theta": [1.6418928746806737e-06], "B_const": [0.011702749578004752]}, {"B_d": [[2.207289074468948e-05], [4.644803398665267e-06], [1.5738443352183863e-06]], "B_theta": [5.997666087658521e-07], "B_const": [0.0036627780971560295]}, {"B_d": [[5.965384634195218e-05], [1.4200605739249742e-06], [1.2267994652131678e-06]], "B_theta": [1.2970012514512012e-07], "B_const": [0.0015150042876234773]}, {"B_d": [[9.150567247954105e-05], [1.5859512924992953e-06], [8.623138711160941e-07]], "B_theta": [3.575406523247168e-08], "B_const": [0.0007259366295828954]}, {"B_d": [[8.202782009851107e-05], [1.347151955263097e-06], [9.488234670075593e-07]], "B_theta": [4.0256218313663034e-08], "B_const": [0.0007136722044562773]}, {"B_d": [[7.487727488941076e-05], [2.732985590250239e-07], [8.718814001505039e-07]], "B_theta": [1.5129690074386117e-08], "B_const": [0.00040115444465298753]}, {"B_d": [[0.00010995530090213737], [5.055304118651049e-07], [6.156420441124772e-07]], "B_theta": [9.675695301676433e-09], "B_const": [0.00035202022085413666]}], "bic_scores": [69.67833750575038, -29.80075452160613, -58.524531019556846, -64.44286424822408, -53.00550572140085, -9.665865166967052, 29.337506011910307, 81.21684545073063], "best_bic": -64.44286424822408, "best_bic_A": [[6.247370414870143, -0.11515005682809668, 0.017351930924033535, -0.0015545662906935175, 0.6446200577029203, -0.0021978756089053733, -0.002238960172122404, 0.0001330068987278398], [-0.11515005682809668, 0.1294008395510969, -0.033627652238930515, 0.002879507689593106, 0.007812723924639964, 0.003014017129188899, -0.00036819621740654247, 5.8050388506212195e-05], [0.017351930924033535, -0.033627652238930515, 0.011345297084242327, -0.0010939703041077896, -0.004450239825150008, 0.0001828184106193484, -0.00019906062622896856, 1.899485083364488e-05], [-0.0015545662906935175, 0.002879507689593106, -0.0010939703041077896, 0.00011334283764734377, 0.00044899944239468426, -6.47067061733745e-05, 2.9557976579448238e-05, -2.8949026970120193e-06], [0.6446200577029203, 0.007812723924639964, -0.004450239825150008, 0.00044899944239468426, 7.59837256426959, -0.11945078381098544, 0.009599035290702156, -0.0003878575513829014], [-0.0021978756089053733, 0.003014017129188899, 0.0001828184106193484, -6.47067061733745e-05, -0.11945078381098544, 0.12340228664640515, -0.03189232562488383, 0.002743380124605358], [-0.002238960172122404, -0.00036819621740654247, -0.00019906062622896856, 2.9557976579448238e-05, 0.009599035290702156, -0.03189232562488383, 0.011263826132169672, -0.0010999035294528086], [0.0001330068987278398, 5.8050388506212195e-05, 1.899485083364488e-05, -2.8949026970120193e-06, -0.0003878575513829014, 0.002743380124605358, -0.0010999035294528086, 0.00011510312569787808]], "best_bic_B": {"B_d": [[5.965384634195218e-05], [1.4200605739249742e-06], [1.2267994652131678e-06]], "B_theta": [1.2970012514512012e-07], "B_const": [0.0015150042876234773]}, "best_bic_deg": 4, "best_bic_deg_idx": 3, "aic_scores": [62.03024548403779, -44.140927062317225, -83.38083009012274, -103.63933585950107, -110.36619588424523, -89.0148198922351, -75.82375928663771, -53.58077643195364], "best_aic": -110.36619588424523, "best_aic_A": [[6.212611103404524, -0.10497241588363446, 0.015306717842546818, -0.0009807166385502628, -8.307520529837647e-05, 0.6211382905364403, 0.000819047345399368, -0.0026021243652908036, 0.00021287254093466971, -3.6600063968715105e-06], [-0.10497241588363446, 0.15100264801194285, -0.05100955575539699, 0.007397508315312666, -0.0003744958875138352, 0.018623468713270943, 0.0028910004492814466, -0.0004687275306071076, 3.644229365874653e-05, 5.894430459142106e-06], [0.015306717842546818, -0.05100955575539699, 0.02597983195166813, -0.005125084232130178, 0.0003537871054450316, -0.009238263996955218, 8.35104411451165e-05, 6.513502100940806e-05, -2.6444340616639724e-05, 1.8673275451752056e-06], [-0.0009807166385502628, 0.007397508315312666, -0.005125084232130178, 0.0012545992982270638, -0.0001019274301330167, 0.0014875187338792754, -1.1936142614572403e-05, -5.0405371758596105e-05, 1.0969857150480032e-05, -6.963794387085086e-07], [-8.307520529837647e-05, -0.0003744958875138352, 0.0003537871054450316, -0.0001019274301330167, 9.168642810352283e-06, -8.823353529294585e-05, -5.464747366565534e-06, 7.572403697346349e-06, -1.2767931172532926e-06, 6.572986058655536e-08], [0.6211382905364403, 0.018623468713270943, -0.009238263996955218, 0.0014875187338792754, -8.823353529294585e-05, 7.508336188553352, -0.09939395997521083, 0.004182334619265117, 0.0011323000286158767, -0.0001805217545903648], [0.000819047345399368, 0.0028910004492814466, 8.35104411451165e-05, -1.1936142614572403e-05, -5.464747366565534e-06, -0.09939395997521083, 0.14462320971965414, -0.04881850198767784, 0.007130532021453934, -0.0003655622010196732], [-0.0026021243652908036, -0.0004687275306071076, 6.513502100940806e-05, -5.0405371758596105e-05, 7.572403697346349e-06, 0.004182334619265117, -0.04881850198767784, 0.025131673239011974, -0.004910969249497207, 0.0003351509794954079], [0.00021287254093466971, 3.644229365874653e-05, -2.6444340616639724e-05, 1.0969857150480032e-05, -1.2767931172532926e-06, 0.0011323000286158767, 0.007130532021453934, -0.004910969249497207, 0.001189944268690394, -9.602699267338524e-05], [-3.6600063968715105e-06, 5.894430459142106e-06, 1.8673275451752056e-06, -6.963794387085086e-07, 6.572986058655536e-08, -0.0001805217545903648, -0.0003655622010196732, 0.0003351509794954079, -9.602699267338524e-05, 8.634128648211022e-06]], "best_aic_B": {"B_d": [[9.150567247954105e-05], [1.5859512924992953e-06], [8.623138711160941e-07]], "B_theta": [3.575406523247168e-08], "B_const": [0.0007259366295828954]}, "best_aic_deg": 5, "best_aic_deg_idx": 4, "lr": [{"class_name": "PiecewiseConstantDecay", "config": {"boundaries": [1350], "values": [0.005, 0.005], "name": null}}, {"class_name": "PiecewiseConstantDecay", "config": {"boundaries": [1350], "values": [0.005, 0.005], "name": null}}, {"class_name": "PiecewiseConstantDecay", "config": {"boundaries": [1350], "values": [0.005, 0.005], "name": null}}, {"class_name": "PiecewiseConstantDecay", "config": {"boundaries": [1350], "values": [0.005, 0.005], "name": null}}, {"class_name": "PiecewiseConstantDecay", "config": {"boundaries": [1350], "values": [0.005, 0.005], "name": null}}, {"class_name": "PiecewiseConstantDecay", "config": {"boundaries": [1350], "values": [0.005, 0.005], "name": null}}, {"class_name": "PiecewiseConstantDecay", "config": {"boundaries": [1350], "values": [0.005, 0.005], "name": null}}, {"class_name": "PiecewiseConstantDecay", "config": {"boundaries": [1350], "values": [0.005, 0.005], "name": null}}], "optimizer": [{"class_name": "Adam", "config": {"name": "Adam", "learning_rate": 0.002, "decay": 0.0, "beta_1": 0.9, "beta_2": 0.999, "epsilon": 1e-07, "amsgrad": false}}, {"class_name": "Adam", "config": {"name": "Adam", "learning_rate": 0.002, "decay": 0.0, "beta_1": 0.9, "beta_2": 0.999, "epsilon": 1e-07, "amsgrad": false}}, {"class_name": "Adam", "config": {"name": "Adam", "learning_rate": 0.002, "decay": 0.0, "beta_1": 0.9, "beta_2": 0.999, "epsilon": 1e-07, "amsgrad": false}}, {"class_name": "Adam", "config": {"name": "Adam", "learning_rate": 0.002, "decay": 0.0, "beta_1": 0.9, "beta_2": 0.999, "epsilon": 1e-07, "amsgrad": false}}, {"class_name": "Adam", "config": {"name": "Adam", "learning_rate": 0.002, "decay": 0.0, "beta_1": 0.9, "beta_2": 0.999, "epsilon": 1e-07, "amsgrad": false}}, {"class_name": "Adam", "config": {"name": "Adam", "learning_rate": 0.002, "decay": 0.0, "beta_1": 0.9, "beta_2": 0.999, "epsilon": 1e-07, "amsgrad": false}}, {"class_name": "Adam", "config": {"name": "Adam", "learning_rate": 0.002, "decay": 0.0, "beta_1": 0.9, "beta_2": 0.999, "epsilon": 1e-07, "amsgrad": false}}, {"class_name": "Adam", "config": {"name": "Adam", "learning_rate": 0.002, "decay": 0.0, "beta_1": 0.9, "beta_2": 0.999, "epsilon": 1e-07, "amsgrad": false}}], "epochs": 400, "best_epochs": [395, 388, 312, 362, 397, 388, 399, 398], "batch_size": 64}