{"degree": [1, 2, 3, 4, 5, 6, 7, 8], "losses": [-30.936188702677388, -47.72073909472363, -54.18644027133711, -57.11602635988575, -57.51225692012155, -58.5482223762666, -58.40056346989356, -58.304134052993234], "A_list": [[[5.456916067851759, 0.5388487201009247], [0.5388487201009247, 6.6662639096517315]], [[5.514937088273004, -0.06489400120617857, 0.5450503002968634, -0.017465095178412788], [-0.06489400120617857, 0.05940923270965978, 0.00803556090909496, 0.007637443380328358], [0.5450503002968634, 0.00803556090909496, 6.741971164548649, -0.07266315685022808], [-0.017465095178412788, 0.007637443380328358, -0.07266315685022808, 0.06462255487326357]], [[5.431387846140184, 0.058500886911223536, -0.09578974102923697, 0.5356848231317327, -0.011960853927066525, -0.0016486099515110187], [0.058500886911223536, 0.2149317943621917, -0.10616087700573269, 0.03934132838409712, 0.020368802616485254, -0.011686189520307163], [-0.09578974102923697, -0.10616087700573269, 0.07310000275385596, -0.02566232385222128, -0.009161083419238696, 0.009006960658581331], [0.5356848231317327, 0.03934132838409712, -0.02566232385222128, 6.655676598412925, 0.046356675696486466, -0.08769552891133053], [-0.011960853927066525, 0.020368802616485254, -0.009161083419238696, 0.046356675696486466, 0.23826538059875849, -0.12313092606273747], [-0.0016486099515110187, -0.011686189520307163, 0.009006960658581331, -0.08769552891133053, -0.12313092606273747, 0.08880972060683437]], [[5.451977608241723, 0.038098932695604416, -0.058622827924704184, -0.018397206098497845, 0.5267173701082771, 0.005959237357415203, -0.04476292167781072, 0.017369068560276296], [0.038098932695604416, 0.45750387576840623, -0.5047969278469914, 0.19476359101032104, 0.07140458612801252, 0.1413887747960072, -0.20413999981897946, 0.09981516641499197], [-0.058622827924704184, -0.5047969278469914, 0.7547903746301707, -0.33337321758861943, -0.06726147477231188, -0.18456027357319557, 0.2897400674640971, -0.14183160178435786], [-0.018397206098497845, 0.19476359101032104, -0.33337321758861943, 0.1621599576282911, 0.02658940601323919, 0.08377133272905014, -0.1328161388084609, 0.06751933369350627], [0.5267173701082771, 0.07140458612801252, -0.06726147477231188, 0.02658940601323919, 6.646458522808409, 0.08915975045112201, -0.16216329211953315, 0.027053555527398496], [0.005959237357415203, 0.1413887747960072, -0.18456027357319557, 0.08377133272905014, 0.08915975045112201, 0.5610856056338703, -0.7058438717936404, 0.2891230547686385], [-0.04476292167781072, -0.20413999981897946, 0.2897400674640971, -0.1328161388084609, -0.16216329211953315, -0.7058438717936404, 1.1516382838865629, -0.5332019359737552], [0.017369068560276296, 0.09981516641499197, -0.14183160178435786, 0.06751933369350627, 0.027053555527398496, 0.2891230547686385, -0.5332019359737552, 0.27165265869104366]], [[5.504223932756551, 0.0403944552835735, 0.006276538223001667, -0.11135909398678213, 0.05315543784919983, 0.53522487765255, 0.030324672868046798, -0.09956855131651406, 0.07396530658369081, -0.01880473810240859], [0.0403944552835735, 0.2824593445799007, -0.21895853916214972, -0.04711087381084539, 0.092780314822658, 0.04586922045573706, 0.12074246535934251, -0.19015298379468357, 0.1285015671823197, -0.026516960770679606], [0.006276538223001667, -0.21895853916214972, 0.5440335235724599, -0.37096930019903246, 0.04368369674380319, 0.04980100559520881, -0.12497676462938363, 0.21081733651707776, -0.16723366769871997, 0.05287547475543232], [-0.11135909398678213, -0.04711087381084539, -0.37096930019903246, 0.5360444491973597, -0.18580741068291382, -0.11642100769971747, 0.030429023203209327, -0.0716646965774907, 0.11645730621470136, -0.062416382566441615], [0.05315543784919983, 0.092780314822658, 0.04368369674380319, -0.18580741068291382, 0.09196538602946719, 0.07712976150333278, 0.026819658017648497, -0.04137251380541487, -0.0010138780798716058, 0.018280152178494137], [0.53522487765255, 0.04586922045573706, 0.04980100559520881, -0.11642100769971747, 0.07712976150333278, 6.695568469507358, 0.07281819673114817, -0.08335760668760452, -0.05148329615855125, 0.05404948889219693], [0.030324672868046798, 0.12074246535934251, -0.12497676462938363, 0.030429023203209327, 0.026819658017648497, 0.07281819673114817, 0.5478907593451916, -0.7170262564605415, 0.3583207173551176, -0.0356941196126033], [-0.09956855131651406, -0.19015298379468357, 0.21081733651707776, -0.0716646965774907, -0.04137251380541487, -0.08335760668760452, -0.7170262564605415, 1.3668962340996074, -0.9419774408494068, 0.17833845528433379], [0.07396530658369081, 0.1285015671823197, -0.16723366769871997, 0.11645730621470136, -0.0010138780798716058, -0.05148329615855125, 0.3583207173551176, -0.9419774408494068, 0.8920154542467804, -0.25210205889394693], [-0.01880473810240859, -0.026516960770679606, 0.05287547475543232, -0.062416382566441615, 0.018280152178494137, 0.05404948889219693, -0.0356941196126033, 0.17833845528433379, -0.25210205889394693, 0.09866737974593635]], [[5.485930504267252, -0.017389574115690917, 0.14527254199306114, -0.2660148768872192, 0.1327626920057442, -0.010074937402116138, 0.5505369237888751, -0.015720545072935563, 0.01512459044535113, -0.056660211802981766, 0.031652955863651994, -0.004042699029241298], [-0.017389574115690917, 0.42518697424514224, -0.5159545191336822, 0.08269785299319288, 0.29288925608995325, -0.14500638978617825, 0.009205416594955483, 0.1709522368384107, -0.245125059446767, 0.06624691137566904, 0.1284804768680218, -0.06633256799033843], [0.14527254199306114, -0.5159545191336822, 1.054588665498396, -0.3725639122186966, -0.6829527320797121, 0.43271755901710424, 0.09451640187188681, -0.21968115015567138, 0.3479524257778442, -0.14720394004583182, -0.1291843225998406, 0.0848020009275746], [-0.2660148768872192, 0.08269785299319288, -0.3725639122186966, 0.2939920818114541, 0.2146745462932126, -0.20355712565586592, -0.12185289840827634, 0.06887752809175622, -0.13113916699219957, 0.0979984773164515, 0.008580655152621647, -0.024384604372338612], [0.1327626920057442, 0.29288925608995325, -0.6829527320797121, 0.2146745462932126, 0.498117057912439, -0.3040596974778389, 0.006164436196582194, 0.10251207724262076, -0.1748694202715914, 0.08383438406713785, 0.07162763678333452, -0.051544123932772294], [-0.010074937402116138, -0.14500638978617825, 0.43271755901710424, -0.20355712565586592, -0.3040596974778389, 0.21747274372391115, 0.03580481340018937, -0.044961171968898886, 0.08201107231401678, -0.06169074692037375, -0.01247959245711919, 0.020841521903980045], [0.5505369237888751, 0.009205416594955483, 0.09451640187188681, -0.12185289840827634, 0.006164436196582194, 0.03580481340018937, 6.722593728144198, 0.006411251377292999, -0.080036712686913, 0.2803611077565242, -0.48860182210087394, 0.23918844833990566], [-0.015720545072935563, 0.1709522368384107, -0.21968115015567138, 0.06887752809175622, 0.10251207724262076, -0.044961171968898886, 0.006411251377292999, 0.8222704250416382, -1.2881992000559035, 0.5450599989885113, 0.4343670816936743, -0.3047358135781173], [0.01512459044535113, -0.245125059446767, 0.3479524257778442, -0.13113916699219957, -0.1748694202715914, 0.08201107231401678, -0.080036712686913, -1.2881992000559035, 2.585987896498196, -1.309923662428783, -0.9086775412437461, 0.7062120901883258], [-0.056660211802981766, 0.06624691137566904, -0.14720394004583182, 0.0979984773164515, 0.08383438406713785, -0.06169074692037375, 0.2803611077565242, 0.5450599989885113, -1.309923662428783, 0.8199719786752017, 0.4361257261743217, -0.4065827702792249], [0.031652955863651994, 0.1284804768680218, -0.1291843225998406, 0.008580655152621647, 0.07162763678333452, -0.01247959245711919, -0.48860182210087394, 0.4343670816936743, -0.9086775412437461, 0.4361257261743217, 0.39919692215124236, -0.2914194499299167], [-0.004042699029241298, -0.06633256799033843, 0.0848020009275746, -0.024384604372338612, -0.051544123932772294, 0.020841521903980045, 0.23918844833990566, -0.3047358135781173, 0.7062120901883258, -0.4065827702792249, -0.2914194499299167, 0.24726901604727006]], [[5.465604632827937, 0.04573422479980186, -0.13626656164693804, 0.23101925926445008, -0.2394339690380224, 0.023668567268588864, 0.04539096330763843, 0.5346338221668244, -0.019585944757863648, -0.035251526273569735, 0.1373987543239338, -0.2542136359030905, 0.19133247877778797, -0.053765703581554476], [0.04573422479980186, 0.40972313782365416, -0.4261283095627042, -0.029186147701948068, 0.17050172254071091, 0.1534498950037406, -0.13864015013110229, 0.017508542444276194, 0.1630496047571379, -0.20632637707049548, -0.011996926410120679, 0.10609239469375345, 0.0908638744915917, -0.08103736181527559], [-0.13626656164693804, -0.4261283095627042, 0.7265363119654861, -0.057270184278768746, -0.38797225825851156, -0.19401119502140113, 0.26746382716728423, 0.0314016740343019, -0.14942028851857972, 0.23908738883346903, -0.013719729465515933, -0.12062326354292267, -0.08741095038271593, 0.08858091070785729], [0.23101925926445008, -0.029186147701948068, -0.057270184278768746, 0.09741823547125948, 0.02072182495908541, -0.016155681381180384, -0.02434629846311615, -0.08919202052579052, -0.0832413622042099, 0.06157827266832129, -0.0012054056740339386, -0.0068771596214480864, -0.005871046713598932, 0.0028902172857152627], [-0.2394339690380224, 0.17050172254071091, -0.38797225825851156, 0.02072182495908541, 0.29781504427163785, 0.048518618252286344, -0.14423373937248218, 0.15205560933420426, 0.15487956669424977, -0.22835820223617098, 0.02351049888175251, 0.11443192502377753, 0.0213021087812707, -0.045843219184679596], [0.023668567268588864, 0.1534498950037406, -0.19401119502140113, -0.016155681381180384, 0.048518618252286344, 0.17639175068156518, -0.1190330987472044, -0.2401385386749791, 0.07678532429974902, -0.07526816408237588, 0.05200480673813437, 0.0028468961621016774, 0.01165216717079149, -0.018759644911206744], [0.04539096330763843, -0.13864015013110229, 0.26746382716728423, -0.02434629846311615, -0.14423373937248218, -0.1190330987472044, 0.13422823170660242, 0.11087918647788954, -0.07269812051983814, 0.08798874128494866, -0.03736002869893751, -0.03120082441075576, 0.001943838689187158, 0.015407776090226753], [0.5346338221668244, 0.017508542444276194, 0.0314016740343019, -0.08919202052579052, 0.15205560933420426, -0.2401385386749791, 0.11087918647788954, 6.749088164918783, -0.038989579207446105, 0.05810594122298299, -0.0247889274117426, -0.05060567694948642, -0.1337267117909706, 0.12077480200822019], [-0.019585944757863648, 0.1630496047571379, -0.14942028851857972, -0.0832413622042099, 0.15487956669424977, 0.07678532429974902, -0.07269812051983814, -0.038989579207446105, 0.8454217484711279, -1.1629948530694751, 0.2444910693122527, 0.44866164457247915, 0.10571487009674274, -0.22531134708323602], [-0.035251526273569735, -0.20632637707049548, 0.23908738883346903, 0.06157827266832129, -0.22835820223617098, -0.07526816408237588, 0.08798874128494866, 0.05810594122298299, -1.1629948530694751, 1.9285588476038624, -0.4748358785905152, -0.798585108208338, -0.22333059394485408, 0.452654082932357], [0.1373987543239338, -0.011996926410120679, -0.013719729465515933, -0.0012054056740339386, 0.02351049888175251, 0.05200480673813437, -0.03736002869893751, -0.0247889274117426, 0.2444910693122527, -0.4748358785905152, 0.25186003324122014, 0.16193013786249716, -0.003908177572820276, -0.1001083227280637], [-0.2542136359030905, 0.10609239469375345, -0.12062326354292267, -0.0068771596214480864, 0.11443192502377753, 0.0028468961621016774, -0.03120082441075576, -0.05060567694948642, 0.44866164457247915, -0.798585108208338, 0.16193013786249716, 0.3863719357286854, 0.10861643456695796, -0.21149442492064477], [0.19133247877778797, 0.0908638744915917, -0.08741095038271593, -0.005871046713598932, 0.0213021087812707, 0.01165216717079149, 0.001943838689187158, -0.1337267117909706, 0.10571487009674274, -0.22333059394485408, -0.003908177572820276, 0.10861643456695796, 0.15533939072674074, -0.1275765873865351], [-0.053765703581554476, -0.08103736181527559, 0.08858091070785729, 0.0028902172857152627, -0.045843219184679596, -0.018759644911206744, 0.015407776090226753, 0.12077480200822019, -0.22531134708323602, 0.452654082932357, -0.1001083227280637, -0.21149442492064477, -0.1275765873865351, 0.1651262614622771]], [[5.5224099544491105, 0.00778241612447924, 0.0010291082040683177, -0.000596829317942888, -0.02070272970886092, -0.22822150980589448, 0.32310813258737786, -0.11992704247450692, 0.5195357624041527, 0.004621770302039569, -0.057752780342313105, 0.04838760831765233, 0.0862415055291743, -0.16842183224669244, 0.10092300770378557, -0.011645342875792171], [0.00778241612447924, 0.3830121084169369, -0.3556029582555806, -0.11339343386102407, 0.19227520557583858, 0.0624527040214136, 0.05658042678842217, -0.10272353344809083, 0.055581710574386364, 0.24943017220134636, -0.32892866849974745, 0.05501637752669357, 0.04609504379325994, 0.05918865785847808, 0.08998207258913085, -0.09553481067445896], [0.0010291082040683177, -0.3556029582555806, 0.6622426357750831, -0.09110299101767003, -0.28983563916794197, -0.08720356413869702, 0.0038068146269542133, 0.1254626330199081, -0.07405777719305232, -0.3048453187996505, 0.4520769990678096, -0.10770889943678673, -0.0773155260133334, -0.047539296392384314, -0.07437982669728373, 0.0899263891218161], [-0.000596829317942888, -0.11339343386102407, -0.09110299101767003, 0.25120342255445316, -0.04743147965874927, -0.04978112679653731, -0.04541899907690393, 0.03477828001126066, 0.0949441488737243, 0.014632782321634312, -0.0900760698982972, 0.05564556141563279, 0.04976024225430869, -0.05270567699560182, -0.040179914232358435, 0.034177761511969496], [-0.02070272970886092, 0.19227520557583858, -0.28983563916794197, -0.04743147965874927, 0.25208219826923395, 0.03763590724102867, -0.03468858899180958, -0.06115166674949948, -0.09167764049034974, 0.07066036629902935, -0.07967165968316611, 0.025204709813688053, -0.00660457656775615, 0.02728746396568575, 0.04449882768308059, -0.04148892389066728], [-0.22822150980589448, 0.0624527040214136, -0.08720356413869702, -0.04978112679653731, 0.03763590724102867, 0.10257267702637654, -0.07706347194569552, 0.006108510932823761, 0.10674167988016235, 0.15632356858645519, -0.1792492792399985, -0.012467053007544948, 0.03205566873167009, 0.07678540078206547, 0.02928315898360463, -0.05555646934270559], [0.32310813258737786, 0.05658042678842217, 0.0038068146269542133, -0.04541899907690393, -0.03468858899180958, -0.07706347194569552, 0.24470625360532078, -0.11660337874201833, -0.17922256729537533, -0.06633529680377162, 0.05148023350327843, 0.040699777052841224, 0.00730587331565865, -0.0497757734158942, -0.025040582993979873, 0.03432401964268798], [-0.11992704247450692, -0.10272353344809083, 0.1254626330199081, 0.03477828001126066, -0.06115166674949948, 0.006108510932823761, -0.11660337874201833, 0.08915457642073743, 0.09905989762319688, -0.032430234989588545, 0.057277173745148735, -0.03384036608630671, -0.017908053724431064, 0.003390654148718282, -0.0022631130143256927, 0.004669164104596176], [0.5195357624041527, 0.055581710574386364, -0.07405777719305232, 0.0949441488737243, -0.09167764049034974, 0.10674167988016235, -0.17922256729537533, 0.09905989762319688, 6.755566807730855, -0.04999627343388224, 0.17116276364846764, -0.3142308961961715, 0.1770382644852145, -0.18768578998220503, 0.16736874577867497, -0.05161563769873037], [0.004621770302039569, 0.24943017220134636, -0.3048453187996505, 0.014632782321634312, 0.07066036629902935, 0.15632356858645519, -0.06633529680377162, -0.032430234989588545, -0.04999627343388224, 0.9520368900654417, -1.1913300056315652, 0.12188332731921073, 0.3584801943347134, 0.19978744382650562, 0.0660243164451972, -0.19835044976765417], [-0.057752780342313105, -0.32892866849974745, 0.4520769990678096, -0.0900760698982972, -0.07967165968316611, -0.1792492792399985, 0.05148023350327843, 0.057277173745148735, 0.17116276364846764, -1.1913300056315652, 1.862491494000049, -0.37462324983613826, -0.5848596148701716, -0.25378624353966867, -0.03479478523365395, 0.2746087736561138], [0.04838760831765233, 0.05501637752669357, -0.10770889943678673, 0.05564556141563279, 0.025204709813688053, -0.012467053007544948, 0.040699777052841224, -0.03384036608630671, -0.3142308961961715, 0.12188332731921073, -0.37462324983613826, 0.26486036704299215, 0.10998336583092533, -0.02433242198997089, -0.09368581894149684, 0.023191379916582853], [0.0862415055291743, 0.04609504379325994, -0.0773155260133334, 0.04976024225430869, -0.00660457656775615, 0.03205566873167009, 0.00730587331565865, -0.017908053724431064, 0.1770382644852145, 0.3584801943347134, -0.5848596148701716, 0.10998336583092533, 0.24797205126125135, 0.06516563858637699, -0.02144439096797167, -0.07335903050454182], [-0.16842183224669244, 0.05918865785847808, -0.047539296392384314, -0.05270567699560182, 0.02728746396568575, 0.07678540078206547, -0.0497757734158942, 0.003390654148718282, -0.18768578998220503, 0.19978744382650562, -0.25378624353966867, -0.02433242198997089, 0.06516563858637699, 0.144349213894634, 0.025380849018232114, -0.09071381164209677], [0.10092300770378557, 0.08998207258913085, -0.07437982669728373, -0.040179914232358435, 0.04449882768308059, 0.02928315898360463, -0.025040582993979873, -0.0022631130143256927, 0.16736874577867497, 0.0660243164451972, -0.03479478523365395, -0.09368581894149684, -0.02144439096797167, 0.025380849018232114, 0.11503542393430886, -0.06972798996130508], [-0.011645342875792171, -0.09553481067445896, 0.0899263891218161, 0.034177761511969496, -0.04148892389066728, -0.05555646934270559, 0.03432401964268798, 0.004669164104596176, -0.05161563769873037, -0.19835044976765417, 0.2746087736561138, 0.023191379916582853, -0.07335903050454182, -0.09071381164209677, -0.06972798996130508, 0.09717451817253883]]], "B_list": [{"B_d": [[1.7061027598999815e-05], [6.3730555536677974e-06], [1.6810529127913117e-06]], "B_theta": [1.4741134400617402e-07], "B_const": [0.0006945889119711752]}, {"B_d": [[1.2668878110749012e-05], [1.8550662294325162e-06], [2.230269733802535e-07]], "B_theta": [2.4451848017697963e-08], "B_const": [4.8491494061440306e-05]}, {"B_d": [[1.6301366056770813e-06], [3.6403214679721975e-07], [7.416445341125634e-08]], "B_theta": [2.801578979788137e-08], "B_const": [1.234086041741169e-05]}, {"B_d": [[1.0381551050835305e-06], [7.661962713285843e-08], [3.9829338861001434e-08]], "B_theta": [1.1719478828355216e-08], "B_const": [6.613495868733695e-06]}, {"B_d": [[1.1618879346016858e-07], [2.7580555135091886e-08], [4.3788983652560966e-08]], "B_theta": [9.812069620337573e-09], "B_const": [6.16062265028713e-06]}, {"B_d": [[3.5333524342915704e-07], [3.2236307019896453e-08], [3.1515416653939473e-08]], "B_theta": [6.023848559214822e-09], "B_const": [4.201504082665003e-06]}, {"B_d": [[2.0483523498605675e-07], [2.180655586854687e-08], [3.226907368192619e-08]], "B_theta": [6.250074191974957e-09], "B_const": [4.261329387726354e-06]}, {"B_d": [[6.682922647707586e-07], [1.0722223240538283e-07], [2.8375628239132273e-08]], "B_theta": [1.0389816187939464e-08], "B_const": [3.726608283112841e-06]}], "bic_scores": [-21.725848330701204, -30.451350897268288, -24.252834062414514, -9.913031953507812, 11.565295869699831, 37.00905898298631, 68.24161664477896, 104.028115003087], "best_bic": -30.451350897268288, "best_bic_A": [[5.514937088273004, -0.06489400120617857, 0.5450503002968634, -0.017465095178412788], [-0.06489400120617857, 0.05940923270965978, 0.00803556090909496, 0.007637443380328358], [0.5450503002968634, 0.00803556090909496, 6.741971164548649, -0.07266315685022808], [-0.017465095178412788, 0.007637443380328358, -0.07266315685022808, 0.06462255487326357]], "best_bic_B": {"B_d": [[1.2668878110749012e-05], [1.8550662294325162e-06], [2.230269733802535e-07]], "B_theta": [2.4451848017697963e-08], "B_const": [4.8491494061440306e-05]}, "best_bic_deg": 2, "best_bic_deg_idx": 1, "aic_scores": [-22.936188702677388, -32.72073909472363, -28.186440271337112, -16.11602635988575, 2.487743079878449, 24.4517776237334, 51.59943653010644, 82.69586594700677], "best_aic": -32.72073909472363, "best_aic_A": [[5.514937088273004, -0.06489400120617857, 0.5450503002968634, -0.017465095178412788], [-0.06489400120617857, 0.05940923270965978, 0.00803556090909496, 0.007637443380328358], [0.5450503002968634, 0.00803556090909496, 6.741971164548649, -0.07266315685022808], [-0.017465095178412788, 0.007637443380328358, -0.07266315685022808, 0.06462255487326357]], "best_aic_B": {"B_d": [[1.2668878110749012e-05], [1.8550662294325162e-06], [2.230269733802535e-07]], "B_theta": [2.4451848017697963e-08], "B_const": [4.8491494061440306e-05]}, "best_aic_deg": 2, "best_aic_deg_idx": 1, "lr": [{"class_name": "PiecewiseConstantDecay", "config": {"boundaries": [1320], "values": [0.005, 0.005], "name": null}}, {"class_name": "PiecewiseConstantDecay", "config": {"boundaries": [1320], "values": [0.005, 0.005], "name": null}}, {"class_name": "PiecewiseConstantDecay", "config": {"boundaries": [1320], "values": [0.005, 0.005], "name": null}}, {"class_name": "PiecewiseConstantDecay", "config": {"boundaries": [1320], "values": [0.005, 0.005], "name": null}}, {"class_name": "PiecewiseConstantDecay", "config": {"boundaries": [1320], "values": [0.005, 0.005], "name": null}}, {"class_name": "PiecewiseConstantDecay", "config": {"boundaries": [1320], "values": [0.005, 0.005], "name": null}}, {"class_name": "PiecewiseConstantDecay", "config": {"boundaries": [1320], "values": [0.005, 0.005], "name": null}}, {"class_name": "PiecewiseConstantDecay", "config": {"boundaries": [1320], "values": [0.005, 0.005], "name": null}}], "optimizer": [{"class_name": "Adam", "config": {"name": "Adam", "learning_rate": 0.002, "decay": 0.0, "beta_1": 0.9, "beta_2": 0.999, "epsilon": 1e-07, "amsgrad": false}}, {"class_name": "Adam", "config": {"name": "Adam", "learning_rate": 0.002, "decay": 0.0, "beta_1": 0.9, "beta_2": 0.999, "epsilon": 1e-07, "amsgrad": false}}, {"class_name": "Adam", "config": {"name": "Adam", "learning_rate": 0.002, "decay": 0.0, "beta_1": 0.9, "beta_2": 0.999, "epsilon": 1e-07, "amsgrad": false}}, {"class_name": "Adam", "config": {"name": "Adam", "learning_rate": 0.002, "decay": 0.0, "beta_1": 0.9, "beta_2": 0.999, "epsilon": 1e-07, "amsgrad": false}}, {"class_name": "Adam", "config": {"name": "Adam", "learning_rate": 0.002, "decay": 0.0, "beta_1": 0.9, "beta_2": 0.999, "epsilon": 1e-07, "amsgrad": false}}, {"class_name": "Adam", "config": {"name": "Adam", "learning_rate": 0.002, "decay": 0.0, "beta_1": 0.9, "beta_2": 0.999, "epsilon": 1e-07, "amsgrad": false}}, {"class_name": "Adam", "config": {"name": "Adam", "learning_rate": 0.002, "decay": 0.0, "beta_1": 0.9, "beta_2": 0.999, "epsilon": 1e-07, "amsgrad": false}}, {"class_name": "Adam", "config": {"name": "Adam", "learning_rate": 0.002, "decay": 0.0, "beta_1": 0.9, "beta_2": 0.999, "epsilon": 1e-07, "amsgrad": false}}], "epochs": 300, "best_epochs": [299, 299, 299, 299, 299, 299, 298, 287], "batch_size": 64}