{"degree": [1, 2, 3, 4, 5, 6, 7, 8], "losses": [419.9237791545612, 189.0801422546078, 52.11658037240946, -24.390981958806975, -68.32950372689899, -92.70309452307808, -95.86785064611284, -97.34374221370119], "A_list": [[[35.969826788597274, 1.7078283676744348], [1.7078283676744348, 27.148889788668736]], [[39.72898429949947, -0.5436493112386278, 1.676412530251709, 0.004563986935713544], [-0.5436493112386278, 0.08368127207777673, -0.020312179866129328, 0.003032552680899169], [1.676412530251709, -0.020312179866129328, 30.906588250800002, -0.5216431526265243], [0.004563986935713544, 0.003032552680899169, -0.5216431526265243, 0.0766554767326887]], [[38.55149718867929, -0.5408573934011086, -0.0017240826672203305, 1.6683236199556988, 0.027957885104725855, -0.002614147173387486], [-0.5408573934011086, 0.2477385573229592, -0.01321170331028363, -0.04707954402974036, 0.007530750893769917, 0.0001004884266840042], [-0.0017240826672203305, -0.01321170331028363, 0.0010583972385870399, 0.003936843938443151, -0.0007979517414735602, 2.393172160816485e-05], [1.6683236199556988, -0.04707954402974036, 0.003936843938443151, 29.923716557130874, -0.5444099099861797, 0.0005093191455659393], [0.027957885104725855, 0.007530750893769917, -0.0007979517414735602, -0.5444099099861797, 0.23561216131450047, -0.012796914035928619], [-0.002614147173387486, 0.0001004884266840042, 2.393172160816485e-05, 0.0005093191455659393, -0.012796914035928619, 0.001027681359800342]], [[37.70571233526526, -0.396822363279923, -0.014938427766903876, 0.0009215493549222112, 1.6854293439337904, 0.014692571927117965, -0.002706752280005898, 9.073959509614097e-05], [-0.396822363279923, 0.4144425009179947, -0.054800041977971795, 0.002395782324578492, -0.05414575146467572, 0.01210835656906372, 0.0004224377292095429, -7.441266151822185e-05], [-0.014938427766903876, -0.054800041977971795, 0.01099042356315055, -0.0005767430943661529, 0.006317439551222022, -0.0033004944727925826, 0.0002662213245114538, -2.9396004386915735e-06], [0.0009215493549222112, 0.002395782324578492, -0.0005767430943661529, 3.350489638070504e-05, -0.00022944068799066305, 0.0001985601629307353, -2.470846837648585e-05, 7.870397124731381e-07], [1.6854293439337904, -0.05414575146467572, 0.006317439551222022, -0.00022944068799066305, 29.096048704502756, -0.401331575413348, -0.01356939320360749, 0.0009133708593113453], [0.014692571927117965, 0.01210835656906372, -0.0033004944727925826, 0.0001985601629307353, -0.401331575413348, 0.39550895963950927, -0.053041209904784205, 0.0023227369913922185], [-0.002706752280005898, 0.0004224377292095429, 0.0002662213245114538, -2.470846837648585e-05, -0.01356939320360749, -0.053041209904784205, 0.010695087412073999, -0.0005617304442809589], [9.073959509614097e-05, -7.441266151822185e-05, -2.9396004386915735e-06, 7.870397124731381e-07, 0.0009133708593113453, 0.0023227369913922185, -0.0005617304442809589, 3.2667367099958265e-05]], [[37.22499689534511, -0.314134167772408, -0.018208113360030666, 0.0005103313084268428, -9.94598390208969e-07, 1.6693799278584667, 0.003515132281083037, 0.00022840019363112984, -0.0001399857918212462, 4.710111851559011e-06], [-0.314134167772408, 0.5362705954619268, -0.11465366025436481, 0.011326306946783327, -0.00041829434710028085, -0.04388529167487508, 0.010524372394684513, 0.000947709295317861, -0.00023842959009834423, 1.2013332680377128e-05], [-0.018208113360030666, -0.11465366025436481, 0.037219159285192746, -0.004407883333426669, 0.00018032017988977076, 0.004115705415406957, -0.003015780336632578, 0.0001612902974762669, 3.753274449922672e-05, -3.21724542079779e-06], [0.0005103313084268428, 0.011326306946783327, -0.004407883333426669, 0.0005897391706049321, -2.616226418042254e-05, -0.00010628251672503343, 0.0003096806522164493, -5.585147962519477e-05, 1.5027346299238812e-06, 1.4772945424434602e-07], [-9.94598390208969e-07, -0.00041829434710028085, 0.00018032017988977076, -2.616226418042254e-05, 1.2284726402626419e-06, -1.7440726702179023e-06, -1.1588862281276007e-05, 3.3605737324683225e-06, -2.8436370335187604e-07, 4.561858759651789e-09], [1.6693799278584667, -0.04388529167487508, 0.004115705415406957, -0.00010628251672503343, -1.7440726702179023e-06, 28.750216514351166, -0.3139072658304174, -0.016522140653484122, 0.0006196085933604357, -2.637669968793195e-07], [0.003515132281083037, 0.010524372394684513, -0.003015780336632578, 0.0003096806522164493, -1.1588862281276007e-05, -0.3139072658304174, 0.5190534544044886, -0.11434130474437204, 0.011427371289652167, -0.0004242763783941938], [0.00022840019363112984, 0.000947709295317861, 0.0001612902974762669, -5.585147962519477e-05, 3.3605737324683225e-06, -0.016522140653484122, -0.11434130474437204, 0.03767502376766142, -0.0044881163048329075, 0.0001838013703036056], [-0.0001399857918212462, -0.00023842959009834423, 3.753274449922672e-05, 1.5027346299238812e-06, -2.8436370335187604e-07, 0.0006196085933604357, 0.011427371289652167, -0.0044881163048329075, 0.0006008755760101229, -2.6585535300598763e-05], [4.710111851559011e-06, 1.2013332680377128e-05, -3.21724542079779e-06, 1.4772945424434602e-07, 4.561858759651789e-09, -2.637669968793195e-07, -0.0004242763783941938, 0.0001838013703036056, -2.6585535300598763e-05, 1.24184025034777e-06]], [[37.1768810094951, -0.2601239900756737, -0.02025378746130393, -0.001524418803793457, 0.00029283119042544485, -1.046218723120321e-05, 1.7026381669277497, 0.0016850588352800924, 0.001018784258594474, -0.00035800334656273247, 2.809603113781544e-05, -9.844797435092849e-07], [-0.2601239900756737, 0.561236488577477, -0.13103762818403172, 0.014677272322539054, -0.0006866773477234407, 6.755281160152112e-06, -0.04180429161004575, 0.01872561524964933, -0.0016984060896644664, 1.4124347016522846e-05, 1.1948274662963476e-05, -7.288266628183044e-07], [-0.02025378746130393, -0.13103762818403172, 0.04835765133298205, -0.007250160102689858, 0.0004860093925455535, -1.1705449375083667e-05, 0.0031480362128609553, -0.005127080068933889, 0.0008621989609379024, -2.1632301440592697e-05, -5.467008005529681e-06, 3.434307578483775e-07], [-0.001524418803793457, 0.014677272322539054, -0.007250160102689858, 0.0014459769414093254, -0.00012936424400179978, 4.318573280156901e-06, 2.2066508173447836e-05, 0.00039547604023241605, -0.00011392156543289279, 1.0903160172775556e-05, -1.6835724131101372e-07, -1.4555255195079085e-08], [0.00029283119042544485, -0.0006866773477234407, 0.0004860093925455535, -0.00012936424400179978, 1.4358299300774315e-05, -5.674858878005652e-07, -1.2555209340576647e-05, 1.1107217037774828e-05, 2.2491569409870734e-06, -1.3031274360090254e-06, 1.5021360119018723e-07, -5.6291426738314575e-09], [-1.046218723120321e-05, 6.755281160152112e-06, -1.1705449375083667e-05, 4.318573280156901e-06, -5.674858878005652e-07, 2.4919600278620896e-08, 4.395332641684785e-07, -1.7741885465900788e-06, 2.319580369647937e-07, 4.6269743548071316e-08, -9.521905049634447e-09, 4.4961779875318587e-10], [1.7026381669277497, -0.04180429161004575, 0.0031480362128609553, 2.2066508173447836e-05, -1.2555209340576647e-05, 4.395332641684785e-07, 28.5395609378473, -0.27041404061390334, -0.016570676738786275, -0.002118404344663677, 0.00036976303596385554, -1.383435987375485e-05], [0.0016850588352800924, 0.01872561524964933, -0.005127080068933889, 0.00039547604023241605, 1.1107217037774828e-05, -1.7741885465900788e-06, -0.27041404061390334, 0.53957010507618, -0.13026649232833437, 0.015119985318800037, -0.000757766337747694, 1.009380994032384e-05], [0.001018784258594474, -0.0016984060896644664, 0.0008621989609379024, -0.00011392156543289279, 2.2491569409870734e-06, 2.319580369647937e-07, -0.016570676738786275, -0.13026649232833437, 0.04912742030458499, -0.007529159376582506, 0.0005185182380071085, -1.3048854266307776e-05], [-0.00035800334656273247, 1.4124347016522846e-05, -2.1632301440592697e-05, 1.0903160172775556e-05, -1.3031274360090254e-06, 4.6269743548071316e-08, -0.002118404344663677, 0.015119985318800037, -0.007529159376582506, 0.0015095030093232346, -0.00013541453433500304, 4.534029048326309e-06], [2.809603113781544e-05, 1.1948274662963476e-05, -5.467008005529681e-06, -1.6835724131101372e-07, 1.5021360119018723e-07, -9.521905049634447e-09, 0.00036976303596385554, -0.000757766337747694, 0.0005185182380071085, -0.00013541453433500304, 1.4832821727662626e-05, -5.806859224145113e-07], [-9.844797435092849e-07, -7.288266628183044e-07, 3.434307578483775e-07, -1.4555255195079085e-08, -5.6291426738314575e-09, 4.4961779875318587e-10, -1.383435987375485e-05, 1.009380994032384e-05, -1.3048854266307776e-05, 4.534029048326309e-06, -5.806859224145113e-07, 2.511378473220147e-08]], [[37.24327189936919, -0.28853920737533134, -0.012971325266818618, -0.001774849972234504, -9.186470545603363e-06, 4.284541067471539e-05, -2.6119008777197125e-06, 1.6428015293249512, 0.006538209614912249, 5.660068946317098e-05, -0.0001924028322381477, -2.114714405293495e-05, 5.003852475967144e-06, -2.882739597722126e-07], [-0.28853920737533134, 0.5652833466705476, -0.12839954461358408, 0.011276687086625051, 0.0003670344638158828, -0.0001195527837914514, 5.274502653800935e-06, -0.03347125677517857, 0.017357359710559836, -0.0018930859148810833, 0.00023988030330734933, -2.0546044620661776e-05, 7.748913239950732e-07, 4.604820406716236e-09], [-0.012971325266818618, -0.12839954461358408, 0.0451074157325046, -0.005208977795670097, -6.606443911109824e-05, 5.175926570313581e-05, -2.6037606229055435e-06, 0.00040116883304230065, -0.004293459864167742, 0.0008370654193875636, -8.487910294538018e-05, 5.549244976427398e-06, -3.1961922298475133e-07, 8.553217472281137e-09], [-0.001774849972234504, 0.011276687086625051, -0.005208977795670097, 0.000777082864165429, -4.1283124410980784e-06, -7.606164838041948e-06, 4.422646463250343e-07, 0.0005742846251478531, 0.00022326548336281857, -8.725012203732425e-05, 1.349512452316458e-05, -9.654363012455872e-07, 4.148808233314178e-08, -8.437474854774363e-10], [-9.186470545603363e-06, 0.0003670344638158828, -6.606443911109824e-05, -4.1283124410980784e-06, 1.0568747296716898e-06, 3.33783866006681e-08, -6.927816990191654e-09, -8.975411780474478e-05, 4.609514582560591e-05, -1.0330066459033736e-05, 7.519410962920834e-07, 3.8446983528006125e-08, -8.44543749669144e-09, 3.5405108227592623e-10], [4.284541067471539e-05, -0.0001195527837914514, 5.175926570313581e-05, -7.606164838041948e-06, 3.33783866006681e-08, 7.524725360102499e-08, -4.34723926256961e-09, 7.535647694537774e-06, -6.127003501426266e-06, 2.182523851007044e-06, -3.0482452518362986e-07, 8.960008555485202e-09, 1.2392441560061545e-09, -8.047842623681385e-11], [-2.6119008777197125e-06, 5.274502653800935e-06, -2.6037606229055435e-06, 4.422646463250343e-07, -6.927816990191654e-09, -4.34723926256961e-09, 2.76480460538266e-10, -2.867526642994222e-07, 2.0262055992550575e-07, -9.40399901189144e-08, 1.639958965208993e-08, -7.133741160078461e-10, -5.809278163977145e-11, 4.606068476262107e-12], [1.6428015293249512, -0.03347125677517857, 0.00040116883304230065, 0.0005742846251478531, -8.975411780474478e-05, 7.535647694537774e-06, -2.867526642994222e-07, 28.530649999221904, -0.2728248783159244, -0.016485620947668363, -0.0009948809974707554, -0.00010605220533336937, 5.4003663159662293e-05, -3.2027438211049278e-06], [0.006538209614912249, 0.017357359710559836, -0.004293459864167742, 0.00022326548336281857, 4.609514582560591e-05, -6.127003501426266e-06, 2.0262055992550575e-07, -0.2728248783159244, 0.5269943394143709, -0.1212912786560367, 0.010711808636589942, 0.00035098119585504946, -0.00011516495395253881, 5.128233510592918e-06], [5.660068946317098e-05, -0.0018930859148810833, 0.0008370654193875636, -8.725012203732425e-05, -1.0330066459033736e-05, 2.182523851007044e-06, -9.40399901189144e-08, -0.016485620947668363, -0.1212912786560367, 0.043330052555908535, -0.0050639194915911125, -5.9734531976871125e-05, 5.032088942937272e-05, -2.5522152903383876e-06], [-0.0001924028322381477, 0.00023988030330734933, -8.487910294538018e-05, 1.349512452316458e-05, 7.519410962920834e-07, -3.0482452518362986e-07, 1.639958965208993e-08, -0.0009948809974707554, 0.010711808636589942, -0.0050639194915911125, 0.0007683159009232029, -5.685732714320568e-06, -7.368121124320966e-06, 4.331303745653863e-07], [-2.114714405293495e-05, -2.0546044620661776e-05, 5.549244976427398e-06, -9.654363012455872e-07, 3.8446983528006125e-08, 8.960008555485202e-09, -7.133741160078461e-10, -0.00010605220533336937, 0.00035098119585504946, -5.9734531976871125e-05, -5.685732714320568e-06, 1.2012480236712409e-06, 3.2726872590756635e-08, -7.268546628592681e-09], [5.003852475967144e-06, 7.748913239950732e-07, -3.1961922298475133e-07, 4.148808233314178e-08, -8.44543749669144e-09, 1.2392441560061545e-09, -5.809278163977145e-11, 5.4003663159662293e-05, -0.00011516495395253881, 5.032088942937272e-05, -7.368121124320966e-06, 3.2726872590756635e-08, 7.181365919590879e-08, -4.1219497813567e-09], [-2.882739597722126e-07, 4.604820406716236e-09, 8.553217472281137e-09, -8.437474854774363e-10, 3.5405108227592623e-10, -8.047842623681385e-11, 4.606068476262107e-12, -3.2027438211049278e-06, 5.128233510592918e-06, -2.5522152903383876e-06, 4.331303745653863e-07, -7.268546628592681e-09, -4.1219497813567e-09, 2.6218719043913876e-10]], [[36.80042071405345, -0.23690153891331084, -0.030559635909405525, 0.0015758595293277901, -0.0003978114527635726, 2.6226283268814973e-05, 6.197909628069978e-06, -5.505350420490284e-07, 1.7081665383310585, 0.008286499312385264, 0.001246090364736265, -0.00038475042064800417, 2.0690761657944296e-05, -1.6595582829569749e-06, 2.428959265094845e-07, -1.4464806195947254e-08], [-0.23690153891331084, 0.5359421530720889, -0.1137996669179297, 0.007409469909513304, 0.0006727605673786122, -5.31046740028279e-05, -8.339871274866078e-06, 6.662473553785695e-07, -0.04028643023098272, 0.020415338270683835, -0.003173801323373695, 0.00040250115574793304, -3.1023082487040755e-05, -9.376302134846813e-07, 4.1289172488081066e-07, -2.2772313741100037e-08], [-0.030559635909405525, -0.1137996669179297, 0.03736446951141894, -0.0033333231882787927, -0.0001917734018682813, 2.337703495956508e-05, 2.6881422140366513e-06, -2.460813229861806e-07, 0.002081904356709013, -0.005625073008989469, 0.0014016551585040846, -0.00017626083684260175, 1.2159213305751253e-05, 3.0795032413831186e-07, -1.4480988467569633e-07, 8.041934510844823e-09], [0.0015758595293277901, 0.007409469909513304, -0.0033333231882787927, 0.00043005138512876577, 6.962593891636668e-06, -2.9048166430527765e-06, -1.748406234646125e-07, 2.335731160893108e-08, 0.0004999857067988661, 0.00044666625526869515, -0.000175465778207821, 2.8213858873281932e-05, -2.0111186049569065e-06, -6.251792289739374e-08, 2.2819855837004036e-08, -1.1861935419715232e-09], [-0.0003978114527635726, 0.0006727605673786122, -0.0001917734018682813, 6.962593891636668e-06, 2.5097072492768563e-06, -9.084647132097142e-08, -2.905598322249497e-08, 1.8939236166388736e-09, -0.0001025180682799646, 1.9593219891192216e-05, -2.095479355909224e-06, -5.969587314364935e-07, 1.3331138530704236e-07, -4.4421771213822143e-10, -1.5674595147316511e-09, 9.443379840353585e-11], [2.6226283268814973e-05, -5.31046740028279e-05, 2.337703495956508e-05, -2.9048166430527765e-06, -9.084647132097142e-08, 2.190672749633178e-08, 1.8112714169751436e-09, -2.07485415281225e-10, 6.897128963341258e-06, -2.1100818000298765e-06, 1.0000817417165385e-06, -1.5390112875528497e-07, 6.223071792134963e-09, 5.738518960228342e-10, -6.210958291333377e-11, 1.7243564730180465e-12], [6.197909628069978e-06, -8.339871274866078e-06, 2.6881422140366513e-06, -1.748406234646125e-07, -2.905598322249497e-08, 1.8112714169751436e-09, 3.7387329863940865e-10, -2.8319833033638217e-11, 2.987874637581891e-07, -2.837693196753883e-07, 6.194534519040793e-08, -4.0748450548628856e-10, -1.3126416754891576e-09, 4.653325237909584e-11, 1.662485854503593e-11, -1.1942302495310318e-12], [-5.505350420490284e-07, 6.662473553785695e-07, -2.460813229861806e-07, 2.335731160893108e-08, 1.8939236166388736e-09, -2.07485415281225e-10, -2.8319833033638217e-11, 2.5592053221966385e-12, -3.7625164342383774e-08, 2.307810727516913e-08, -7.868346150260709e-09, 8.003240588008388e-10, 4.80152377576188e-11, -6.562513757982722e-12, -7.296963676511425e-13, 7.190238240448596e-14], [1.7081665383310585, -0.04028643023098272, 0.002081904356709013, 0.0004999857067988661, -0.0001025180682799646, 6.897128963341258e-06, 2.987874637581891e-07, -3.7625164342383774e-08, 28.416613464761724, -0.24717479614394605, -0.02478177495207975, 0.0009195359810582606, -0.00028168820876938106, 1.9117795971744503e-05, 5.5120013639755625e-06, -4.766150832878489e-07], [0.008286499312385264, 0.020415338270683835, -0.005625073008989469, 0.00044666625526869515, 1.9593219891192216e-05, -2.1100818000298765e-06, -2.837693196753883e-07, 2.307810727516913e-08, -0.24717479614394605, 0.49750360439387364, -0.10671625970982619, 0.007081434253987663, 0.0006071755986880885, -5.030599910255076e-05, -7.430900971233654e-06, 6.028517704646508e-07], [0.001246090364736265, -0.003173801323373695, 0.0014016551585040846, -0.000175465778207821, -2.095479355909224e-06, 1.0000817417165385e-06, 6.194534519040793e-08, -7.868346150260709e-09, -0.02478177495207975, -0.10671625970982619, 0.03566656078788263, -0.003279103622250424, -0.0001667344419245924, 2.2295870235835154e-05, 2.381568089192056e-06, -2.2402699909522916e-07], [-0.00038475042064800417, 0.00040250115574793304, -0.00017626083684260175, 2.8213858873281932e-05, -5.969587314364935e-07, -1.5390112875528497e-07, -4.0748450548628856e-10, 8.003240588008388e-10, 0.0009195359810582606, 0.007081434253987663, -0.003279103622250424, 0.00044002525039479054, 3.5443340264431677e-06, -2.8261181963589e-06, -1.3506052342170307e-07, 2.0661710894566507e-08], [2.0690761657944296e-05, -3.1023082487040755e-05, 1.2159213305751253e-05, -2.0111186049569065e-06, 1.3331138530704236e-07, 6.223071792134963e-09, -1.3126416754891576e-09, 4.80152377576188e-11, -0.00028168820876938106, 0.0006071755986880885, -0.0001667344419245924, 3.5443340264431677e-06, 2.6091327339635544e-06, -7.702398459154363e-08, -2.9547036101120413e-08, 1.8640425828636567e-09], [-1.6595582829569749e-06, -9.376302134846813e-07, 3.0795032413831186e-07, -6.251792289739374e-08, -4.4421771213822143e-10, 5.738518960228342e-10, 4.653325237909584e-11, -6.562513757982722e-12, 1.9117795971744503e-05, -5.030599910255076e-05, 2.2295870235835154e-05, -2.8261181963589e-06, -7.702398459154363e-08, 2.0833311244719715e-08, 1.614186039176692e-09, -1.9034403184570338e-10], [2.428959265094845e-07, 4.1289172488081066e-07, -1.4480988467569633e-07, 2.2819855837004036e-08, -1.5674595147316511e-09, -6.210958291333377e-11, 1.662485854503593e-11, -7.296963676511425e-13, 5.5120013639755625e-06, -7.430900971233654e-06, 2.381568089192056e-06, -1.3506052342170307e-07, -2.9547036101120413e-08, 1.614186039176692e-09, 3.699915097681051e-10, -2.7194910286147674e-11], [-1.4464806195947254e-08, -2.2772313741100037e-08, 8.041934510844823e-09, -1.1861935419715232e-09, 9.443379840353585e-11, 1.7243564730180465e-12, -1.1942302495310318e-12, 7.190238240448596e-14, -4.766150832878489e-07, 6.028517704646508e-07, -2.2402699909522916e-07, 2.0661710894566507e-08, 1.8640425828636567e-09, -1.9034403184570338e-10, -2.7194910286147674e-11, 2.4085976105792453e-12]]], "B_list": [{"B_d": [[8.241849257012843], [0.07079891089446982], [1.979763992711092e-07]], "B_theta": [6.6242851701661565e-09], "B_const": [2.3843053514282313]}, {"B_d": [[0.3359562969206724], [0.003368221770971149], [7.844837548155364e-08]], "B_theta": [2.430079736254665e-09], "B_const": [0.22278685586057226]}, {"B_d": [[0.05471334646297193], [5.3209022515278634e-05], [1.4256330272485459e-05]], "B_theta": [9.788933720069217e-07], "B_const": [0.04547741541369551]}, {"B_d": [[0.019539318938253662], [4.467985778188888e-07], [1.0513367878852612e-05]], "B_theta": [1.4252682748683562e-06], "B_const": [0.015686301863569355]}, {"B_d": [[0.010368456479374948], [2.12054173144389e-06], [7.722401003345375e-06]], "B_theta": [1.0923444443596555e-06], "B_const": [0.008084660454714641]}, {"B_d": [[0.007627815419017354], [4.5897442281305744e-07], [6.627459724859759e-06]], "B_theta": [8.315309445827179e-07], "B_const": [0.005739564222155312]}, {"B_d": [[0.0068627564658758], [4.310209411343704e-06], [5.891157449344095e-06]], "B_theta": [8.286916166110248e-07], "B_const": [0.005305824566357838]}, {"B_d": [[0.006821332114915345], [5.602077651280809e-06], [6.179714725698692e-06]], "B_theta": [8.975057599094355e-07], "B_const": [0.0050979273867327625]}], "bic_scores": [437.92301783588226, 222.8287147820848, 110.6141060867029, 67.85511628296345, 66.66478638300896, 94.03900679562793, 151.62168122205173, 219.8928395445825], "best_bic": 66.66478638300896, "best_bic_A": [[37.22499689534511, -0.314134167772408, -0.018208113360030666, 0.0005103313084268428, -9.94598390208969e-07, 1.6693799278584667, 0.003515132281083037, 0.00022840019363112984, -0.0001399857918212462, 4.710111851559011e-06], [-0.314134167772408, 0.5362705954619268, -0.11465366025436481, 0.011326306946783327, -0.00041829434710028085, -0.04388529167487508, 0.010524372394684513, 0.000947709295317861, -0.00023842959009834423, 1.2013332680377128e-05], [-0.018208113360030666, -0.11465366025436481, 0.037219159285192746, -0.004407883333426669, 0.00018032017988977076, 0.004115705415406957, -0.003015780336632578, 0.0001612902974762669, 3.753274449922672e-05, -3.21724542079779e-06], [0.0005103313084268428, 0.011326306946783327, -0.004407883333426669, 0.0005897391706049321, -2.616226418042254e-05, -0.00010628251672503343, 0.0003096806522164493, -5.585147962519477e-05, 1.5027346299238812e-06, 1.4772945424434602e-07], [-9.94598390208969e-07, -0.00041829434710028085, 0.00018032017988977076, -2.616226418042254e-05, 1.2284726402626419e-06, -1.7440726702179023e-06, -1.1588862281276007e-05, 3.3605737324683225e-06, -2.8436370335187604e-07, 4.561858759651789e-09], [1.6693799278584667, -0.04388529167487508, 0.004115705415406957, -0.00010628251672503343, -1.7440726702179023e-06, 28.750216514351166, -0.3139072658304174, -0.016522140653484122, 0.0006196085933604357, -2.637669968793195e-07], [0.003515132281083037, 0.010524372394684513, -0.003015780336632578, 0.0003096806522164493, -1.1588862281276007e-05, -0.3139072658304174, 0.5190534544044886, -0.11434130474437204, 0.011427371289652167, -0.0004242763783941938], [0.00022840019363112984, 0.000947709295317861, 0.0001612902974762669, -5.585147962519477e-05, 3.3605737324683225e-06, -0.016522140653484122, -0.11434130474437204, 0.03767502376766142, -0.0044881163048329075, 0.0001838013703036056], [-0.0001399857918212462, -0.00023842959009834423, 3.753274449922672e-05, 1.5027346299238812e-06, -2.8436370335187604e-07, 0.0006196085933604357, 0.011427371289652167, -0.0044881163048329075, 0.0006008755760101229, -2.6585535300598763e-05], [4.710111851559011e-06, 1.2013332680377128e-05, -3.21724542079779e-06, 1.4772945424434602e-07, 4.561858759651789e-09, -2.637669968793195e-07, -0.0004242763783941938, 0.0001838013703036056, -2.6585535300598763e-05, 1.24184025034777e-06]], "best_bic_B": {"B_d": [[0.010368456479374948], [2.12054173144389e-06], [7.722401003345375e-06]], "B_theta": [1.0923444443596555e-06], "B_const": [0.008084660454714641]}, "best_bic_deg": 5, "best_bic_deg_idx": 4, "aic_scores": [427.9237791545612, 204.0801422546078, 78.11658037240946, 16.609018041193025, -8.329503726898992, -9.703094523078079, 14.132149353887158, 43.65625778629881], "best_aic": -9.703094523078079, "best_aic_A": [[37.1768810094951, -0.2601239900756737, -0.02025378746130393, -0.001524418803793457, 0.00029283119042544485, -1.046218723120321e-05, 1.7026381669277497, 0.0016850588352800924, 0.001018784258594474, -0.00035800334656273247, 2.809603113781544e-05, -9.844797435092849e-07], [-0.2601239900756737, 0.561236488577477, -0.13103762818403172, 0.014677272322539054, -0.0006866773477234407, 6.755281160152112e-06, -0.04180429161004575, 0.01872561524964933, -0.0016984060896644664, 1.4124347016522846e-05, 1.1948274662963476e-05, -7.288266628183044e-07], [-0.02025378746130393, -0.13103762818403172, 0.04835765133298205, -0.007250160102689858, 0.0004860093925455535, -1.1705449375083667e-05, 0.0031480362128609553, -0.005127080068933889, 0.0008621989609379024, -2.1632301440592697e-05, -5.467008005529681e-06, 3.434307578483775e-07], [-0.001524418803793457, 0.014677272322539054, -0.007250160102689858, 0.0014459769414093254, -0.00012936424400179978, 4.318573280156901e-06, 2.2066508173447836e-05, 0.00039547604023241605, -0.00011392156543289279, 1.0903160172775556e-05, -1.6835724131101372e-07, -1.4555255195079085e-08], [0.00029283119042544485, -0.0006866773477234407, 0.0004860093925455535, -0.00012936424400179978, 1.4358299300774315e-05, -5.674858878005652e-07, -1.2555209340576647e-05, 1.1107217037774828e-05, 2.2491569409870734e-06, -1.3031274360090254e-06, 1.5021360119018723e-07, -5.6291426738314575e-09], [-1.046218723120321e-05, 6.755281160152112e-06, -1.1705449375083667e-05, 4.318573280156901e-06, -5.674858878005652e-07, 2.4919600278620896e-08, 4.395332641684785e-07, -1.7741885465900788e-06, 2.319580369647937e-07, 4.6269743548071316e-08, -9.521905049634447e-09, 4.4961779875318587e-10], [1.7026381669277497, -0.04180429161004575, 0.0031480362128609553, 2.2066508173447836e-05, -1.2555209340576647e-05, 4.395332641684785e-07, 28.5395609378473, -0.27041404061390334, -0.016570676738786275, -0.002118404344663677, 0.00036976303596385554, -1.383435987375485e-05], [0.0016850588352800924, 0.01872561524964933, -0.005127080068933889, 0.00039547604023241605, 1.1107217037774828e-05, -1.7741885465900788e-06, -0.27041404061390334, 0.53957010507618, -0.13026649232833437, 0.015119985318800037, -0.000757766337747694, 1.009380994032384e-05], [0.001018784258594474, -0.0016984060896644664, 0.0008621989609379024, -0.00011392156543289279, 2.2491569409870734e-06, 2.319580369647937e-07, -0.016570676738786275, -0.13026649232833437, 0.04912742030458499, -0.007529159376582506, 0.0005185182380071085, -1.3048854266307776e-05], [-0.00035800334656273247, 1.4124347016522846e-05, -2.1632301440592697e-05, 1.0903160172775556e-05, -1.3031274360090254e-06, 4.6269743548071316e-08, -0.002118404344663677, 0.015119985318800037, -0.007529159376582506, 0.0015095030093232346, -0.00013541453433500304, 4.534029048326309e-06], [2.809603113781544e-05, 1.1948274662963476e-05, -5.467008005529681e-06, -1.6835724131101372e-07, 1.5021360119018723e-07, -9.521905049634447e-09, 0.00036976303596385554, -0.000757766337747694, 0.0005185182380071085, -0.00013541453433500304, 1.4832821727662626e-05, -5.806859224145113e-07], [-9.844797435092849e-07, -7.288266628183044e-07, 3.434307578483775e-07, -1.4555255195079085e-08, -5.6291426738314575e-09, 4.4961779875318587e-10, -1.383435987375485e-05, 1.009380994032384e-05, -1.3048854266307776e-05, 4.534029048326309e-06, -5.806859224145113e-07, 2.511378473220147e-08]], "best_aic_B": {"B_d": [[0.007627815419017354], [4.5897442281305744e-07], [6.627459724859759e-06]], "B_theta": [8.315309445827179e-07], "B_const": [0.005739564222155312]}, "best_aic_deg": 6, "best_aic_deg_idx": 5, "lr": 0.01, "optimizer": null, "epochs": 120, "best_epochs": [116, 110, 101, 119, 117, 119, 116, 119], "batch_size": 1024}