{"degree": [1, 2, 3, 4, 5, 6, 7, 8], "losses": [36.49519659017042, -29.621141339202264, -53.539942311074064, -74.8428194697771, -94.98787478200035, -106.77840438828846, -109.03819446828571, -109.90287845929339], "A_list": [[[41.20726060349197, 1.88617742956974], [1.88617742956974, 31.464058681359006]], [[41.65163106781277, -0.23611968337440362, 1.867281946131106, 0.04895955059085567], [-0.23611968337440362, 0.15757241048262807, -0.03889694760117183, 0.0059427884347198], [1.867281946131106, -0.03889694760117183, 31.86378969290645, -0.22041664320717594], [0.04895955059085567, 0.0059427884347198, -0.22041664320717594, 0.14144259356457334]], [[41.165974689563065, -0.1481544162574583, -0.03211149038514528, 1.6944765585606139, 0.038338425823741466, -0.00046222505991588554], [-0.1481544162574583, 0.5449302446950752, -0.09191999785381011, -0.04142287623237761, 0.015866068259758195, -0.0015271601863270836], [-0.03211149038514528, -0.09191999785381011, 0.02183193430324835, 0.0077476182615020765, -0.0031547241096598964, 0.0004748824455946595], [1.6944765585606139, -0.04142287623237761, 0.0077476182615020765, 31.52814647674361, -0.1400906524108044, -0.02589131253822448], [0.038338425823741466, 0.015866068259758195, -0.0031547241096598964, -0.1400906524108044, 0.47182090483595235, -0.0786414193899673], [-0.00046222505991588554, -0.0015271601863270836, 0.0004748824455946595, -0.02589131253822448, -0.0786414193899673, 0.0188888052580868]], [[41.36852242644974, -0.6376283432320144, 0.2709641044186562, -0.05145105845267582, 1.888608226754656, 0.018149424386899354, 0.017986671029988594, -0.002636948907489473], [-0.6376283432320144, 2.0613593102532075, -0.9966687442365946, 0.15853181560716922, -0.039298307084177746, 0.07204111094745522, -0.03464810190024685, 0.0058253340583684044], [0.2709641044186562, -0.9966687442365946, 0.5604311069721188, -0.09425924129784295, -0.00015208173335570096, -0.033976886965339057, 0.0188734146461994, -0.0033105507262591646], [-0.05145105845267582, 0.15853181560716922, -0.09425924129784295, 0.01646674573722889, 0.0007271879346045565, 0.00508927272264435, -0.0032199728219429354, 0.0005977716296136016], [1.888608226754656, -0.039298307084177746, -0.00015208173335570096, 0.0007271879346045565, 31.70935712124104, -0.6194905581193517, 0.23317373404845115, -0.044891411665432215], [0.018149424386899354, 0.07204111094745522, -0.033976886965339057, 0.00508927272264435, -0.6194905581193517, 1.7804068045483366, -0.8512789247441305, 0.13443709197322137], [0.017986671029988594, -0.03464810190024685, 0.0188734146461994, -0.0032199728219429354, 0.23317373404845115, -0.8512789247441305, 0.4786866308679551, -0.08035020719315314], [-0.002636948907489473, 0.0058253340583684044, -0.0033105507262591646, 0.0005977716296136016, -0.044891411665432215, 0.13443709197322137, -0.08035020719315314, 0.014044178360818171]], [[40.6055577737038, -0.22402777941523183, -0.11040271996726406, 0.1045746122856105, -0.024752624084614025, 1.798099280451627, 0.05753192828510778, -0.0208660849521068, 0.008658568278416103, -0.0018655216807121314], [-0.22402777941523183, 4.322511576278817, -3.523266492688806, 1.204524369903153, -0.14572882227001102, 0.044497642476217694, 0.11531412858215086, -0.08298182809672468, 0.029842205442123015, -0.0037606441978973023], [-0.11040271996726406, -3.523266492688806, 3.38159014505286, -1.2661171643651958, 0.16391183145233215, -0.07413359695689781, -0.07634089086940128, 0.0640116708115143, -0.024883762832857873, 0.0033765843762513237], [0.1045746122856105, 1.204524369903153, -1.2661171643651958, 0.5046131922604713, -0.06843021241345551, 0.029875167615641195, 0.021320450891116633, -0.02083757112490656, 0.009167336649136723, -0.0013689659417557623], [-0.024752624084614025, -0.14572882227001102, 0.16391183145233215, -0.06843021241345551, 0.00960657741757169, -0.004340811052980673, -0.0020505859649967836, 0.002324762892273709, -0.00115968282088995, 0.00018905605687350656], [1.798099280451627, 0.044497642476217694, -0.07413359695689781, 0.029875167615641195, -0.004340811052980673, 31.181437871657565, -0.25170068767534126, -0.07895040079513115, 0.0822157680748632, -0.01965598001097862], [0.05753192828510778, 0.11531412858215086, -0.07634089086940128, 0.021320450891116633, -0.0020505859649967836, -0.25170068767534126, 3.710580577849153, -3.032275116362898, 1.0380890733932184, -0.12560910729085834], [-0.0208660849521068, -0.08298182809672468, 0.0640116708115143, -0.02083757112490656, 0.002324762892273709, -0.07895040079513115, -3.032275116362898, 2.9422361573883276, -1.104134077211917, 0.14300407316086644], [0.008658568278416103, 0.029842205442123015, -0.024883762832857873, 0.009167336649136723, -0.00115968282088995, 0.0822157680748632, 1.0380890733932184, -1.104134077211917, 0.440736706792577, -0.05975111713375391], [-0.0018655216807121314, -0.0037606441978973023, 0.0033765843762513237, -0.0013689659417557623, 0.00018905605687350656, -0.01965598001097862, -0.12560910729085834, 0.14300407316086644, -0.05975111713375391, 0.008379118426628664]], [[40.46816439217872, 0.0269260129306326, -0.13648395436385868, 0.029512575174023056, 0.009999988664550676, -0.003948804663495834, 1.784908455747796, 0.054418760327586004, -0.033612852488283496, 0.01705841806952557, -0.0026035459794222643, -8.606408145724401e-05], [0.0269260129306326, 3.7839282805733467, -3.0961635866479424, 1.0089837312669339, -0.0874375155396271, -0.008103571147183278, 0.042533167592068544, 0.1464361736241665, -0.11878647646093858, 0.049146046674535704, -0.008825733746462214, 0.0005198697695328307], [-0.13648395436385868, -3.0961635866479424, 3.408203524573034, -1.5474497444842787, 0.2955740253214158, -0.017682800982578357, -0.06973567450928773, -0.10818584631176675, 0.11615078261447326, -0.060125908435162606, 0.014185840167458136, -0.0012620367780918325], [0.029512575174023056, 1.0089837312669339, -1.5474497444842787, 0.9534660389545634, -0.2587971001284431, 0.025702109058958162, 0.031147459497458695, 0.03206469317750345, -0.05069272508929709, 0.03459268132616016, -0.010315867499852322, 0.0011454170024122981], [0.009999988664550676, -0.0874375155396271, 0.2955740253214158, -0.2587971001284431, 0.08931404373144512, -0.010771427226283223, -0.005274414296228066, -0.0014933367734247807, 0.008752067135869207, -0.008742342698903872, 0.003205463887748567, -0.0004111260128614937], [-0.003948804663495834, -0.008103571147183278, -0.017682800982578357, 0.025702109058958162, -0.010771427226283223, 0.0014563235982679714, 0.00018293505524917224, -0.0005404023292074963, -0.0003701751555273865, 0.0008043210024252859, -0.00036311034966252185, 5.213318162984094e-05], [1.784908455747796, 0.042533167592068544, -0.06973567450928773, 0.031147459497458695, -0.005274414296228066, 0.00018293505524917224, 30.968757712014188, -0.024642760002010756, -0.11040828361113064, 0.026750074801019652, 0.0051813112065065, -0.0028516704991570704], [0.054418760327586004, 0.1464361736241665, -0.10818584631176675, 0.03206469317750345, -0.0014933367734247807, -0.0005404023292074963, -0.024642760002010756, 3.1100063557873465, -2.539353852164563, 0.8093192829145726, -0.06077131944097182, -0.008404784295599883], [-0.033612852488283496, -0.11878647646093858, 0.11615078261447326, -0.05069272508929709, 0.008752067135869207, -0.0003701751555273865, -0.11040828361113064, -2.539353852164563, 2.8210871978896868, -1.2670249636986286, 0.2352089175940744, -0.01304880703490378], [0.01705841806952557, 0.049146046674535704, -0.060125908435162606, 0.03459268132616016, -0.008742342698903872, 0.0008043210024252859, 0.026750074801019652, 0.8093192829145726, -1.2670249636986286, 0.7790127530654178, -0.20981886823391183, 0.020640862922138133], [-0.0026035459794222643, -0.008825733746462214, 0.014185840167458136, -0.010315867499852322, 0.003205463887748567, -0.00036311034966252185, 0.0051813112065065, -0.06077131944097182, 0.2352089175940744, -0.20981886823391183, 0.07278858488520343, -0.008800501899858655], [-8.606408145724401e-05, 0.0005198697695328307, -0.0012620367780918325, 0.0011454170024122981, -0.0004111260128614937, 5.213318162984094e-05, -0.0028516704991570704, -0.008404784295599883, -0.01304880703490378, 0.020640862922138133, -0.008800501899858655, 0.0011990202297622135]], [[40.4394444374613, 0.0474331431892366, -0.21936324714831226, 0.09045603190566583, -0.020268261137926943, 0.0054410674540919185, -0.0011795987943538436, 1.5868282050465157, 0.08069840423758023, -0.04158191851132653, 0.01299446203530108, -0.0006253812450334739, 0.00017193371393294362, -0.00012701206578119171], [0.0474331431892366, 3.7083066638496853, -3.0405408692951448, 0.8410450884550652, 0.08977311024198366, -0.07759543566799894, 0.009202712827238809, 0.08430556982273252, 0.12104267751629383, -0.08877845291383604, 0.02687947942868031, 0.00035215459661425315, -0.001672039316629878, 0.0002232432754418947], [-0.21936324714831226, -3.0405408692951448, 3.375778262535973, -1.2540266561480173, -0.03235122298574403, 0.11021136288472813, -0.016769165546820827, -0.09153395042797019, -0.08940837567280646, 0.08006586470982185, -0.03025067024694314, 0.001568080388848262, 0.0016843711831547713, -0.0002982915070219239], [0.09045603190566583, 0.8410450884550652, -1.2540266561480173, 0.591580842228959, -0.018126648202181534, -0.05033823846397525, 0.009015544874973308, 0.029803343909005017, 0.01735066995187251, -0.0213176576705498, 0.011481376557710988, -0.0014259340229977688, -0.0006172508668261301, 0.00014917308466622393], [-0.020268261137926943, 0.08977311024198366, -0.03235122298574403, -0.018126648202181534, 0.008341144220480125, 0.001090051030556819, -0.0005363734824622415, -0.004965824322557579, 0.006104056793561614, -0.0052177015271898455, 0.0013827881083048818, 0.00014027342341009323, -0.00010842387271814366, 1.0092692689984974e-05], [0.0054410674540919185, -0.07759543566799894, 0.11021136288472813, -0.05033823846397525, 0.001090051030556819, 0.004328185489430086, -0.0007545347942922384, 0.0015952361439369777, -0.0028106079353468483, 0.003435190955076714, -0.001694482219005576, 0.00014640759698529094, 0.00011112211295437605, -2.3484234578869022e-05], [-0.0011795987943538436, 0.009202712827238809, -0.016769165546820827, 0.009015544874973308, -0.0005363734824622415, -0.0007545347942922384, 0.00014668101936020378, -0.0003074350341947468, 0.0002854209028629617, -0.0004424671041990113, 0.00026672491279187006, -3.244317928156995e-05, -1.764259618199247e-05, 4.216918526153376e-06], [1.5868282050465157, 0.08430556982273252, -0.09153395042797019, 0.029803343909005017, -0.004965824322557579, 0.0015952361439369777, -0.0003074350341947468, 31.036085299590948, 5.122418225900205e-05, -0.19239787277396703, 0.09003189320706928, -0.02439194853178015, 0.005117207874441604, -0.0008992231897444226], [0.08069840423758023, 0.12104267751629383, -0.08940837567280646, 0.01735066995187251, 0.006104056793561614, -0.0028106079353468483, 0.0002854209028629617, 5.122418225900205e-05, 3.098126486010268, -2.5656798234258478, 0.7239894391304377, 0.06828051902327167, -0.06320784762262859, 0.00748044310994288], [-0.04158191851132653, -0.08877845291383604, 0.08006586470982185, -0.0213176576705498, -0.0052177015271898455, 0.003435190955076714, -0.0004424671041990113, -0.19239787277396703, -2.5656798234258478, 2.902936363176959, -1.0981035892542812, -0.018260478645086814, 0.09232340793923284, -0.014148881389476776], [0.01299446203530108, 0.02687947942868031, -0.03025067024694314, 0.011481376557710988, 0.0013827881083048818, -0.001694482219005576, 0.00026672491279187006, 0.09003189320706928, 0.7239894391304377, -1.0981035892542812, 0.5241232012215671, -0.019000423872466074, -0.04309310259335965, 0.0077612275659124175], [-0.0006253812450334739, 0.00035215459661425315, 0.001568080388848262, -0.0014259340229977688, 0.00014027342341009323, 0.00014640759698529094, -3.244317928156995e-05, -0.02439194853178015, 0.06828051902327167, -0.018260478645086814, -0.019000423872466074, 0.0069162875072853874, 0.0012897754992032189, -0.0005099455841679199], [0.00017193371393294362, -0.001672039316629878, 0.0016843711831547713, -0.0006172508668261301, -0.00010842387271814366, 0.00011112211295437605, -1.764259618199247e-05, 0.005117207874441604, -0.06320784762262859, 0.09232340793923284, -0.04309310259335965, 0.0012897754992032189, 0.003573381151698261, -0.0006309230948652821], [-0.00012701206578119171, 0.0002232432754418947, -0.0002982915070219239, 0.00014917308466622393, 1.0092692689984974e-05, -2.3484234578869022e-05, 4.216918526153376e-06, -0.0008992231897444226, 0.00748044310994288, -0.014148881389476776, 0.0077612275659124175, -0.0005099455841679199, -0.0006309230948652821, 0.0001239881075601943]], [[40.45835453907982, 0.2876177569187788, -0.429630624498082, 0.16912519028499023, -0.030696994512739356, -0.0018827528738528214, 0.0028300501143055062, -0.000664735473992887, 1.7027684756842156, 0.07404099354582085, -0.029179138106030626, 0.004652870039135529, -0.0014782305580446917, 0.0012029066222302449, -0.00025878657124639616, -1.685438437122147e-05], [0.2876177569187788, 3.2257489978925644, -2.5507838758783925, 0.546232345226606, 0.15313282221220714, -0.03424694187307733, -0.018305431476345953, 0.004220990347677438, 0.0226702176641817, 0.09360035803115038, -0.04688718910758745, 0.012337526755153556, -0.0019108081739225456, -0.00031778462738384447, 0.0004019960765234727, -8.272512472961759e-05], [-0.429630624498082, -2.5507838758783925, 2.7484109211905117, -0.8453751289167669, -0.108360688222067, 0.05077856193625369, 0.016685383155693404, -0.004799659387517804, -0.03828058859776324, -0.038529670919290826, 0.01789322912904125, -0.00688449934069259, 0.002871528691093223, 0.0001085283156409593, -0.00045057327079652546, 9.151904266357631e-05], [0.16912519028499023, 0.546232345226606, -0.8453751289167669, 0.37084097063681987, 0.0016745219794026055, -0.021258925514714238, -0.0029471438986722297, 0.001443657687563837, 0.0010642038722592216, -0.015041970747549175, 0.019625728913974527, -0.00694634705424159, -0.0007126521754590297, 0.0004440303062849254, 9.547156833609114e-05, -3.384404214363227e-05], [-0.030696994512739356, 0.15313282221220714, -0.108360688222067, 0.0016745219794026055, 0.015530268415883263, -0.0006312779175631222, -0.0015801780855318375, 0.00025781406216355537, 0.006038469688023382, 0.01234388315644976, -0.013810517805484751, 0.005950664750375946, -0.0004556119909693012, -0.00029468066572264744, 5.181844218090229e-05, 1.7853004321838658e-07], [-0.0018827528738528214, -0.03424694187307733, 0.05077856193625369, -0.021258925514714238, -0.0006312779175631222, 0.001263718692199255, 0.00023255146883397666, -9.522156258988419e-05, -0.0017451288927064423, -6.33068045486616e-05, 7.222635204019246e-05, -0.0001560085030456401, 8.83642674131655e-05, 1.2333573645175886e-07, -9.255111614409598e-06, 1.6936270301546938e-06], [0.0028300501143055062, -0.018305431476345953, 0.016685383155693404, -0.0029471438986722297, -0.0015801780855318375, 0.00023255146883397666, 0.000185462204454403, -3.825153268203178e-05, 0.00023358976216439502, -0.0013021150931348546, 0.0016170400547136895, -0.0007547246883008845, 6.997782890193962e-05, 3.711030266847659e-05, -6.595703891662676e-06, -1.4731470907394385e-07], [-0.000664735473992887, 0.004220990347677438, -0.004799659387517804, 0.001443657687563837, 0.00025781406216355537, -9.522156258988419e-05, -3.825153268203178e-05, 1.02550035333767e-05, -4.447667386613038e-05, 0.00022141780738818735, -0.0002881688044419072, 0.0001445203529459126, -1.7445653307066533e-05, -6.7095397699224515e-06, 1.552478581851167e-06, -2.341373756401357e-08], [1.7027684756842156, 0.0226702176641817, -0.03828058859776324, 0.0010642038722592216, 0.006038469688023382, -0.0017451288927064423, 0.00023358976216439502, -4.447667386613038e-05, 30.902919482424643, 0.22207247572351999, -0.3518375959017298, 0.13989266138713521, -0.028948039464591947, -0.0004258007820944205, 0.0025386131885601865, -0.0005875013655270173], [0.07404099354582085, 0.09360035803115038, -0.038529670919290826, -0.015041970747549175, 0.01234388315644976, -6.33068045486616e-05, -0.0013021150931348546, 0.00022141780738818735, 0.22207247572351999, 2.7564490181930927, -2.1817384390178174, 0.46373406258016625, 0.13606705582709258, -0.029698099657292924, -0.016211625204134668, 0.0037127963488474565], [-0.029179138106030626, -0.04688718910758745, 0.01789322912904125, 0.019625728913974527, -0.013810517805484751, 7.222635204019246e-05, 0.0016170400547136895, -0.0002881688044419072, -0.3518375959017298, -2.1817384390178174, 2.391189333704947, -0.7378279612323525, -0.09840346883223151, 0.0449004990193815, 0.015042932200272202, -0.004300674387853704], [0.004652870039135529, 0.012337526755153556, -0.00688449934069259, -0.00694634705424159, 0.005950664750375946, -0.0001560085030456401, -0.0007547246883008845, 0.0001445203529459126, 0.13989266138713521, 0.46373406258016625, -0.7378279612323525, 0.3213054427682198, 0.004553728813603834, -0.018728837249223924, -0.0029749536887082747, 0.0013434874786684339], [-0.0014782305580446917, -0.0019108081739225456, 0.002871528691093223, -0.0007126521754590297, -0.0004556119909693012, 8.83642674131655e-05, 6.997782890193962e-05, -1.7445653307066533e-05, -0.028948039464591947, 0.13606705582709258, -0.09840346883223151, 0.004553728813603834, 0.012640901631302642, -0.000631961682637365, -0.0012651283558540965, 0.00020563151076665126], [0.0012029066222302449, -0.00031778462738384447, 0.0001085283156409593, 0.0004440303062849254, -0.00029468066572264744, 1.2333573645175886e-07, 3.711030266847659e-05, -6.7095397699224515e-06, -0.0004258007820944205, -0.029698099657292924, 0.0449004990193815, -0.018728837249223924, -0.000631961682637365, 0.0011142581793825881, 0.0002137642350907519, -8.5407798580586e-05], [-0.00025878657124639616, 0.0004019960765234727, -0.00045057327079652546, 9.547156833609114e-05, 5.181844218090229e-05, -9.255111614409598e-06, -6.595703891662676e-06, 1.552478581851167e-06, 0.0025386131885601865, -0.016211625204134668, 0.015042932200272202, -0.0029749536887082747, -0.0012651283558540965, 0.0002137642350907519, 0.00014871600761029035, -3.1288993743802974e-05], [-1.685438437122147e-05, -8.272512472961759e-05, 9.151904266357631e-05, -3.384404214363227e-05, 1.7853004321838658e-07, 1.6936270301546938e-06, -1.4731470907394385e-07, -2.341373756401357e-08, -0.0005875013655270173, 0.0037127963488474565, -0.004300674387853704, 0.0013434874786684339, 0.00020563151076665126, -8.5407798580586e-05, -3.1288993743802974e-05, 8.63577612546522e-06]]], "B_list": [{"B_d": [[0.1253753783220467], [0.00031821942894082807], [9.113560705407835e-06]], "B_theta": [1.6707060913701416e-08], "B_const": [0.08895856916954846]}, {"B_d": [[0.00701648281295713], [1.6690194665835031e-06], [5.36932054452918e-06]], "B_theta": [6.500643098212386e-07], "B_const": [0.0058373247909440625]}, {"B_d": [[0.0028094082575880258], [1.6938081586984718e-06], [2.5935741282283594e-06]], "B_theta": [3.1292939236869793e-07], "B_const": [0.0018421575770896214]}, {"B_d": [[0.0010796364596926615], [1.1100222730496326e-05], [9.560423685162719e-07]], "B_theta": [1.3213854259610166e-07], "B_const": [0.0006635637890737054]}, {"B_d": [[0.00021124599001850615], [2.0457327654422953e-05], [2.5032899867042844e-07]], "B_theta": [5.758629753115267e-08], "B_const": [0.0002627588077763938]}, {"B_d": [[5.0128171760959986e-05], [1.5554211833339112e-05], [1.6262031452349295e-07]], "B_theta": [2.9247326803165516e-08], "B_const": [0.00012489395423778365]}, {"B_d": [[3.931831817660208e-05], [1.617681121683758e-05], [8.669477694871018e-08]], "B_theta": [2.747566705425483e-08], "B_const": [0.00011968390353970161]}, {"B_d": [[2.7214564419786534e-05], [1.6392160844441503e-05], [7.043568399035195e-08]], "B_theta": [2.637833618411021e-08], "B_const": [0.0001096913539417216]}], "bic_scores": [50.099986116819046, -4.112160976736099, -9.324376349466043, -5.118273145702915, 7.0480466678643126, 34.371286950691, 78.02766152313283, 129.88153694788858], "best_bic": -9.324376349466043, "best_bic_A": [[41.165974689563065, -0.1481544162574583, -0.03211149038514528, 1.6944765585606139, 0.038338425823741466, -0.00046222505991588554], [-0.1481544162574583, 0.5449302446950752, -0.09191999785381011, -0.04142287623237761, 0.015866068259758195, -0.0015271601863270836], [-0.03211149038514528, -0.09191999785381011, 0.02183193430324835, 0.0077476182615020765, -0.0031547241096598964, 0.0004748824455946595], [1.6944765585606139, -0.04142287623237761, 0.0077476182615020765, 31.52814647674361, -0.1400906524108044, -0.02589131253822448], [0.038338425823741466, 0.015866068259758195, -0.0031547241096598964, -0.1400906524108044, 0.47182090483595235, -0.0786414193899673], [-0.00046222505991588554, -0.0015271601863270836, 0.0004748824455946595, -0.02589131253822448, -0.0786414193899673, 0.0188888052580868]], "best_bic_B": {"B_d": [[0.0028094082575880258], [1.6938081586984718e-06], [2.5935741282283594e-06]], "B_theta": [3.1292939236869793e-07], "B_const": [0.0018421575770896214]}, "best_bic_deg": 3, "best_bic_deg_idx": 2, "aic_scores": [44.49519659017042, -14.621141339202264, -27.539942311074064, -33.8428194697771, -34.98787478200035, -23.778404388288465, 0.9618055317142904, 31.09712154070661], "best_aic": -34.98787478200035, "best_aic_A": [[40.6055577737038, -0.22402777941523183, -0.11040271996726406, 0.1045746122856105, -0.024752624084614025, 1.798099280451627, 0.05753192828510778, -0.0208660849521068, 0.008658568278416103, -0.0018655216807121314], [-0.22402777941523183, 4.322511576278817, -3.523266492688806, 1.204524369903153, -0.14572882227001102, 0.044497642476217694, 0.11531412858215086, -0.08298182809672468, 0.029842205442123015, -0.0037606441978973023], [-0.11040271996726406, -3.523266492688806, 3.38159014505286, -1.2661171643651958, 0.16391183145233215, -0.07413359695689781, -0.07634089086940128, 0.0640116708115143, -0.024883762832857873, 0.0033765843762513237], [0.1045746122856105, 1.204524369903153, -1.2661171643651958, 0.5046131922604713, -0.06843021241345551, 0.029875167615641195, 0.021320450891116633, -0.02083757112490656, 0.009167336649136723, -0.0013689659417557623], [-0.024752624084614025, -0.14572882227001102, 0.16391183145233215, -0.06843021241345551, 0.00960657741757169, -0.004340811052980673, -0.0020505859649967836, 0.002324762892273709, -0.00115968282088995, 0.00018905605687350656], [1.798099280451627, 0.044497642476217694, -0.07413359695689781, 0.029875167615641195, -0.004340811052980673, 31.181437871657565, -0.25170068767534126, -0.07895040079513115, 0.0822157680748632, -0.01965598001097862], [0.05753192828510778, 0.11531412858215086, -0.07634089086940128, 0.021320450891116633, -0.0020505859649967836, -0.25170068767534126, 3.710580577849153, -3.032275116362898, 1.0380890733932184, -0.12560910729085834], [-0.0208660849521068, -0.08298182809672468, 0.0640116708115143, -0.02083757112490656, 0.002324762892273709, -0.07895040079513115, -3.032275116362898, 2.9422361573883276, -1.104134077211917, 0.14300407316086644], [0.008658568278416103, 0.029842205442123015, -0.024883762832857873, 0.009167336649136723, -0.00115968282088995, 0.0822157680748632, 1.0380890733932184, -1.104134077211917, 0.440736706792577, -0.05975111713375391], [-0.0018655216807121314, -0.0037606441978973023, 0.0033765843762513237, -0.0013689659417557623, 0.00018905605687350656, -0.01965598001097862, -0.12560910729085834, 0.14300407316086644, -0.05975111713375391, 0.008379118426628664]], "best_aic_B": {"B_d": [[0.00021124599001850615], [2.0457327654422953e-05], [2.5032899867042844e-07]], "B_theta": [5.758629753115267e-08], "B_const": [0.0002627588077763938]}, "best_aic_deg": 5, "best_aic_deg_idx": 4, "lr": 0.01, "optimizer": null, "epochs": 100, "best_epochs": [80, 82, 78, 94, 95, 99, 99, 99], "batch_size": 1024}