{"degree": [1, 2, 3, 4, 5, 6, 7, 8], "losses": [343.883899729845, 133.4767946481041, 16.38616797549014, -44.57686384434943, -78.97309664201109, -96.9029693024779, -101.70136919201481, -102.79951325128522], "A_list": [[[36.755979215370424, 1.738532756478849], [1.738532756478849, 27.797365851578153]], [[39.84828224955414, -0.5120368427332092, 1.7180892287672576, 0.00848543554317019], [-0.5120368427332092, 0.08954480332257536, -0.01959163859795984, 0.0033145858044855664], [1.7180892287672576, -0.01959163859795984, 30.930313487795818, -0.4932731515430201], [0.00848543554317019, 0.0033145858044855664, -0.4932731515430201, 0.08333658064422653]], [[38.60559712861922, -0.45942966841101, -0.007358284411748001, 1.6798861600871193, 0.03179546830596478, -0.0028617678081332663], [-0.45942966841101, 0.25118138375300225, -0.014555962503269229, -0.04130967068208352, 0.006110520614626607, 0.0002674630381132779], [-0.007358284411748001, -0.014555962503269229, 0.0013192194944774919, 0.003970455098213584, -0.0009626820126013073, 3.3708100772905235e-05], [1.6798861600871193, -0.04130967068208352, 0.003970455098213584, 29.884606954331378, -0.4669615976166754, -0.0035770139048633136], [0.03179546830596478, 0.006110520614626607, -0.0009626820126013073, -0.4669615976166754, 0.24145933861193183, -0.014253498257824288], [-0.0028617678081332663, 0.0002674630381132779, 3.3708100772905235e-05, -0.0035770139048633136, -0.014253498257824288, 0.0012873829596379382]], [[38.152237852959885, -0.3315473054860158, -0.019823032248235603, 0.0011108406806705092, 1.7003231212979981, 0.01968953764861417, -0.0030340056769913794, 2.4691728147004214e-05], [-0.3315473054860158, 0.42109191661265705, -0.06215365165677052, 0.0030675915316252093, -0.04358473123894681, 0.010267249920232015, 0.0005615007030036923, -9.24356311535004e-05], [-0.019823032248235603, -0.06215365165677052, 0.014052576139732176, -0.0008282540642228602, 0.004876163005156078, -0.003252064745890201, 0.00028596635030083144, -2.4286797723144204e-06], [0.0011108406806705092, 0.0030675915316252093, -0.0008282540642228602, 5.384039626928559e-05, -0.00019050771409925713, 0.00021104540490610575, -2.900439849436477e-05, 9.787473501849264e-07], [1.7003231212979981, -0.04358473123894681, 0.004876163005156078, -0.00019050771409925713, 29.165795877120743, -0.3442693912154057, -0.01818872494992878, 0.0010350396055812793], [0.01968953764861417, 0.010267249920232015, -0.003252064745890201, 0.00021104540490610575, -0.3442693912154057, 0.39931012462898946, -0.05903395075924404, 0.0028974371592075565], [-0.0030340056769913794, 0.0005615007030036923, 0.00028596635030083144, -2.900439849436477e-05, -0.01818872494992878, -0.05903395075924404, 0.013383738490880093, -0.0007898824438939875], [2.4691728147004214e-05, -9.24356311535004e-05, -2.4286797723144204e-06, 9.787473501849264e-07, 0.0010350396055812793, 0.0028974371592075565, -0.0007898824438939875, 5.166284049847303e-05]], [[37.81558323615091, -0.30842217632577634, -0.007231534555558545, -0.0015395435972721558, 0.00011336234169120779, 1.6582317272436318, 0.013405934581908788, 0.0011765548897184712, -0.0004254370579636585, 1.536820112440604e-05], [-0.30842217632577634, 0.6350097995999195, -0.16242226023381087, 0.019144266257601433, -0.0008344319344076767, -0.03211448239293216, 0.019244868399344986, -0.0031551171762138853, 0.00034814376867045566, -1.7423973666297337e-05], [-0.007231534555558545, -0.16242226023381087, 0.05931369215867089, -0.008032891423342486, 0.0003759686306915748, 0.0025996066307035813, -0.007016269664313969, 0.0018645903642129406, -0.00020259531941710314, 8.494196848432273e-06], [-0.0015395435972721558, 0.019144266257601433, -0.008032891423342486, 0.0011977035209049856, -5.970791415399446e-05, 2.592453790480333e-05, 0.0009265481849071796, -0.00031709021487476367, 3.84325931332227e-05, -1.643011783566468e-06], [0.00011336234169120779, -0.0008344319344076767, 0.0003759686306915748, -5.970791415399446e-05, 3.1152985512034285e-06, -1.0759466076858302e-05, -4.259584013298434e-05, 1.722063828688178e-05, -2.31000646402308e-06, 1.0457281455240351e-07], [1.6582317272436318, -0.03211448239293216, 0.0025996066307035813, 2.592453790480333e-05, -1.0759466076858302e-05, 29.00733083044399, -0.31353992160599825, -0.0056159082205315645, -0.0015456971444857428, 0.00010453462524245899], [0.013405934581908788, 0.019244868399344986, -0.007016269664313969, 0.0009265481849071796, -4.259584013298434e-05, -0.31353992160599825, 0.5989978582698433, -0.15529918675130922, 0.01833139110116222, -0.0007979288089612719], [0.0011765548897184712, -0.0031551171762138853, 0.0018645903642129406, -0.00031709021487476367, 1.722063828688178e-05, -0.0056159082205315645, -0.15529918675130922, 0.05757110778912976, -0.007818998936767449, 0.0003659770503760294], [-0.0004254370579636585, 0.00034814376867045566, -0.00020259531941710314, 3.84325931332227e-05, -2.31000646402308e-06, -0.0015456971444857428, 0.01833139110116222, -0.007818998936767449, 0.0011669978882922617, -5.810562585952707e-05], [1.536820112440604e-05, -1.7423973666297337e-05, 8.494196848432273e-06, -1.643011783566468e-06, 1.0457281455240351e-07, 0.00010453462524245899, -0.0007979288089612719, 0.0003659770503760294, -5.810562585952707e-05, 3.025400214547906e-06]], [[37.719346443206554, -0.27212044843868255, -0.011834764448893333, -0.0029901115124416453, 0.0003689263947959, -1.1076332976252338e-05, 1.720002739126424, 0.015570677694817169, 0.0003185652238440473, -0.0003032974778480607, 2.1693200818208996e-05, -6.624719882123093e-07], [-0.27212044843868255, 0.600603221659464, -0.15202012330290196, 0.01773020748728746, -0.0007259604640998586, -4.547864314081762e-06, -0.02929165853037558, 0.015873713622458728, -0.002012544275850331, 0.00018805581867193928, -5.558126715876903e-06, -6.896225108968476e-08], [-0.011834764448893333, -0.15202012330290196, 0.05991453827021684, -0.009506074090305327, 0.0006487910444431192, -1.455362355764966e-05, 0.0019185481022308871, -0.004830627525576261, 0.0010691528556562705, -7.354765666098205e-05, -1.4683537561757574e-06, 2.2903306340880184e-07], [-0.0029901115124416453, 0.01773020748728746, -0.009506074090305327, 0.0020779181656186913, -0.00020397898583406152, 7.482731887340083e-06, 0.0001290104587601873, 0.0003043720835113081, -0.0001032021067609453, 7.466324356389945e-06, 4.903407239414219e-07, -4.868459176070606e-08], [0.0003689263947959, -0.0007259604640998586, 0.0006487910444431192, -0.00020397898583406152, 2.6150431451655665e-05, -1.1834282962249257e-06, -1.048961617491405e-05, 3.84831208432342e-05, -8.230306429100028e-06, 5.121055642024578e-07, 6.662404025996149e-09, -1.908707441065848e-09], [-1.1076332976252338e-05, -4.547864314081762e-06, -1.455362355764966e-05, 7.482731887340083e-06, -1.1834282962249257e-06, 6.046387099165384e-08, 6.425205853687348e-07, -3.810625864593415e-06, 1.0493881986324084e-06, -7.4415966577499e-08, -3.0175553527927775e-09, 4.2118569218307595e-10], [1.720002739126424, -0.02929165853037558, 0.0019185481022308871, 0.0001290104587601873, -1.048961617491405e-05, 6.425205853687348e-07, 28.84175812570003, -0.27272045230491376, -0.01035616490457833, -0.00315015926483498, 0.0004465327235803544, -1.6457050744489697e-05], [0.015570677694817169, 0.015873713622458728, -0.004830627525576261, 0.0003043720835113081, 3.84831208432342e-05, -3.810625864593415e-06, -0.27272045230491376, 0.5492158143818159, -0.13928408981360638, 0.01628895615950575, -0.000681037820637987, -2.988373110651086e-06], [0.0003185652238440473, -0.002012544275850331, 0.0010691528556562705, -0.0001032021067609453, -8.230306429100028e-06, 1.0493881986324084e-06, -0.01035616490457833, -0.13928408981360638, 0.0557072587617088, -0.008914835232451913, 0.0006152742286312993, -1.4159914308070772e-05], [-0.0003032974778480607, 0.00018805581867193928, -7.354765666098205e-05, 7.466324356389945e-06, 5.121055642024578e-07, -7.4415966577499e-08, -0.00315015926483498, 0.01628895615950575, -0.008914835232451913, 0.0019674244787904775, -0.00019427591912634425, 7.163821500578598e-06], [2.1693200818208996e-05, -5.558126715876903e-06, -1.4683537561757574e-06, 4.903407239414219e-07, 6.662404025996149e-09, -3.0175553527927775e-09, 0.0004465327235803544, -0.000681037820637987, 0.0006152742286312993, -0.00019427591912634425, 2.49134801067364e-05, -1.1264123482173104e-06], [-6.624719882123093e-07, -6.896225108968476e-08, 2.2903306340880184e-07, -4.868459176070606e-08, -1.908707441065848e-09, 4.2118569218307595e-10, -1.6457050744489697e-05, -2.988373110651086e-06, -1.4159914308070772e-05, 7.163821500578598e-06, -1.1264123482173104e-06, 5.732323566024693e-08]], [[37.60318094702715, -0.276896175653615, -0.009090741272084426, -0.001162720735821073, -0.0007743716124458015, 0.0001833267506812589, -1.0364184877893576e-05, 1.729918135098826, 0.005492699471855211, 0.0038785636998050488, -0.0010056528407094527, 8.224503822014243e-05, -3.1201478384778533e-06, 2.4753158750252426e-08], [-0.276896175653615, 0.6693556455051208, -0.17953041547680657, 0.01898699871451246, 0.0005417027589998762, -0.0002443881309927701, 1.2567491972362004e-05, -0.02729507411334622, 0.020428243371857363, -0.004274219671243078, 0.0006242979169179489, -2.19903793549972e-05, -3.982514589314984e-06, 3.045268090409505e-07], [-0.009090741272084426, -0.17953041547680657, 0.070825236330253, -0.009426923075248625, -0.00010484778872494103, 0.00011755382933940503, -6.805001775280409e-06, -0.00014539516010521686, -0.006419675079050545, 0.0020933004548835494, -0.0002886940921742018, 8.614489066842158e-06, 1.7496099719713704e-06, -1.2927111881660442e-07], [-0.001162720735821073, 0.01898699871451246, -0.009426923075248625, 0.0015600108404697716, -8.696200963757845e-06, -1.9433572480956427e-05, 1.2748400326069156e-06, 0.000549254273879892, 0.0004486161778426568, -0.00024271298584893825, 4.216116425175367e-05, -1.9470910919789028e-06, -1.8263363632244326e-07, 1.6313216730860656e-08], [-0.0007743716124458015, 0.0005417027589998762, -0.00010484778872494103, -8.696200963757845e-06, 2.2954432223206278e-06, 9.468945157488494e-08, -2.034190818722432e-08, -7.564705801909394e-05, 6.812930931005637e-05, -2.0304638922550586e-05, 2.039109263209726e-06, 8.469514122434648e-08, -3.083402430581272e-08, 1.6125798510241875e-09], [0.0001833267506812589, -0.0002443881309927701, 0.00011755382933940503, -1.9433572480956427e-05, 9.468945157488494e-08, 2.4477451795640164e-07, -1.5968809597178657e-08, 7.419060020778509e-06, -1.1035591155306503e-05, 5.503741250075862e-06, -9.303586210633426e-07, 2.6863609035086116e-08, 7.205909466607477e-09, -5.272077702574601e-10], [-1.0364184877893576e-05, 1.2567491972362004e-05, -6.805001775280409e-06, 1.2748400326069156e-06, -2.034190818722432e-08, -1.5968809597178657e-08, 1.1339867253971047e-09, -3.257814875812023e-07, 3.9132833856316516e-07, -2.6770521241075555e-07, 5.461418420370802e-08, -2.4471981244296426e-09, -3.6255800677473564e-10, 3.0873631185583504e-11], [1.729918135098826, -0.02729507411334622, -0.00014539516010521686, 0.000549254273879892, -7.564705801909394e-05, 7.419060020778509e-06, -3.257814875812023e-07, 28.94824363933689, -0.3098776360183926, 0.00591928624530047, -0.004427793632595475, -0.0001762482124465696, 0.00011699143329785398, -7.40841648944531e-06], [0.005492699471855211, 0.020428243371857363, -0.006419675079050545, 0.0004486161778426568, 6.812930931005637e-05, -1.1035591155306503e-05, 3.9132833856316516e-07, -0.3098776360183926, 0.6162197236541951, -0.16717959076998765, 0.017873218109146178, 0.0004756056404913531, -0.00022736415771220612, 1.1819249637795995e-05], [0.0038785636998050488, -0.004274219671243078, 0.0020933004548835494, -0.00024271298584893825, -2.0304638922550586e-05, 5.503741250075862e-06, -2.6770521241075555e-07, 0.00591928624530047, -0.16717959076998765, 0.06713757631290108, -0.009037864553587707, -8.52505505769891e-05, 0.0001109032603633059, -6.457493477023538e-06], [-0.0010056528407094527, 0.0006242979169179489, -0.0002886940921742018, 4.216116425175367e-05, 2.039109263209726e-06, -9.303586210633426e-07, 5.461418420370802e-08, -0.004427793632595475, 0.017873218109146178, -0.009037864553587707, 0.0015107953627312538, -1.1065563085961852e-05, -1.840373285010129e-05, 1.2132464106568178e-06], [8.224503822014243e-05, -2.19903793549972e-05, 8.614489066842158e-06, -1.9470910919789028e-06, 8.469514122434648e-08, 2.6863609035086116e-08, -2.4471981244296426e-09, -0.0001762482124465696, 0.0004756056404913531, -8.52505505769891e-05, -1.1065563085961852e-05, 2.2322835637879714e-06, 1.1845220434349887e-07, -2.1156895687555475e-08], [-3.1201478384778533e-06, -3.982514589314984e-06, 1.7496099719713704e-06, -1.8263363632244326e-07, -3.083402430581272e-08, 7.205909466607477e-09, -3.6255800677473564e-10, 0.00011699143329785398, -0.00022736415771220612, 0.0001109032603633059, -1.840373285010129e-05, 1.1845220434349887e-07, 2.265187821304845e-07, -1.483156070994029e-08], [2.4753158750252426e-08, 3.045268090409505e-07, -1.2927111881660442e-07, 1.6313216730860656e-08, 1.6125798510241875e-09, -5.272077702574601e-10, 3.0873631185583504e-11, -7.40841648944531e-06, 1.1819249637795995e-05, -6.457493477023538e-06, 1.2132464106568178e-06, -2.1156895687555475e-08, -1.483156070994029e-08, 1.0573416063863134e-09]], [[37.60674511193672, -0.2779495260808409, -0.00666999181661021, -0.0008696300105931299, -0.0006681690380570453, 4.295141392077697e-05, 1.6617351233979706e-05, -1.5038794957391889e-06, 1.7081223121091056, 0.010573418480190017, -1.3439897385480418e-05, -0.00030355912678443236, -1.5089627615860238e-06, 3.7737466167158065e-06, -1.0874911977555872e-07, -5.288918029432232e-09], [-0.2779495260808409, 0.6452391010370302, -0.16205923364719102, 0.012416664823958127, 0.0012729822249179987, -0.00012002425772129103, -1.970405615455684e-05, 1.81945492705451e-06, -0.02866388234664128, 0.014356383992601786, -0.0020101714680840744, 0.00031924785246754283, -3.637556680819851e-05, -8.317874503664257e-08, 5.071940403896306e-07, -3.579120759594812e-08], [-0.00666999181661021, -0.16205923364719102, 0.059379508185712915, -0.00596076227675008, -0.00040710667391431114, 5.4939569006244456e-05, 7.260621349205102e-06, -7.490793084048335e-07, -9.142943071247562e-05, -0.0033584513969562332, 0.0008233240462574352, -0.00010799074213270647, 1.4164302468147471e-05, -3.8526844681864054e-07, -1.8410761475924068e-07, 1.4867727917557895e-08], [-0.0008696300105931299, 0.012416664823958127, -0.00596076227675008, 0.0008263332569226239, 2.189294299045736e-05, -7.3094276434884215e-06, -6.0201656642851e-07, 8.197854935606933e-08, 0.0009428772179998028, -0.0002948425887551836, 8.351933834567041e-05, -6.74203775435394e-06, -2.190644615106775e-06, 2.115291780667235e-07, 3.333033646555088e-08, -3.4410281332425792e-09], [-0.0006681690380570453, 0.0012729822249179987, -0.00040710667391431114, 2.189294299045736e-05, 5.836550796633838e-06, -2.998268305105293e-07, -8.628142485340415e-08, 6.658339963686234e-09, -0.00021708629713461082, 0.00012947589381066658, -4.625371068084207e-05, 5.892815590178102e-06, 3.874241738379218e-08, -4.086673586550719e-08, -2.1003654057212506e-09, 3.601509120827401e-10], [4.295141392077697e-05, -0.00012002425772129103, 5.4939569006244456e-05, -7.3094276434884215e-06, -2.998268305105293e-07, 7.085400905988965e-08, 7.182933289405653e-09, -8.905711715039974e-10, 2.4119206379132426e-05, -3.116891061497162e-06, 1.2883434440545505e-06, -2.2126718703351967e-07, 1.2143036367843375e-08, 6.359317065578296e-10, -9.669673349373101e-11, 3.1567526524947676e-12], [1.6617351233979706e-05, -1.970405615455684e-05, 7.260621349205102e-06, -6.0201656642851e-07, -8.628142485340415e-08, 7.182933289405653e-09, 1.4358426042977834e-09, -1.282716820196193e-10, -9.672375853730677e-07, -1.4823210407670598e-06, 6.619629376970282e-07, -9.619320495360273e-08, 1.2635532302340135e-09, 6.006721446389975e-10, 7.166234540235533e-12, -3.845246104719259e-12], [-1.5038794957391889e-06, 1.81945492705451e-06, -7.490793084048335e-07, 8.197854935606933e-08, 6.658339963686234e-09, -8.905711715039974e-10, -1.282716820196193e-10, 1.3388695656091069e-11, -8.212527400156622e-09, 9.952124323115847e-08, -4.81734132573398e-08, 7.66813956085669e-09, -1.9348761218271064e-10, -4.440228362411284e-11, 6.040436755295687e-13, 2.1638616309851307e-13], [1.7081223121091056, -0.02866388234664128, -9.142943071247562e-05, 0.0009428772179998028, -0.00021708629713461082, 2.4119206379132426e-05, -9.672375853730677e-07, -8.212527400156622e-09, 28.893711153106278, -0.2827542955628707, -0.003207467822597307, -0.001508164501102463, -0.0005197567118400108, 3.7999035053690704e-05, 1.4441906149786555e-05, -1.3304637525582193e-06], [0.010573418480190017, 0.014356383992601786, -0.0033584513969562332, -0.0002948425887551836, 0.00012947589381066658, -3.116891061497162e-06, -1.4823210407670598e-06, 9.952124323115847e-08, -0.2827542955628707, 0.5941188863205246, -0.151338589498622, 0.012209399570813276, 0.0010515874593160148, -0.00010877174389955455, -1.6953405394310818e-05, 1.5975507011221667e-06], [-1.3439897385480418e-05, -0.0020101714680840744, 0.0008233240462574352, 8.351933834567041e-05, -4.625371068084207e-05, 1.2883434440545505e-06, 6.619629376970282e-07, -4.81734132573398e-08, -0.003207467822597307, -0.151338589498622, 0.05686931696996289, -0.006007216569093837, -0.0003293224057268016, 5.2250404712750085e-05, 6.1199421796132555e-06, -6.608805288692074e-07], [-0.00030355912678443236, 0.00031924785246754283, -0.00010799074213270647, -6.74203775435394e-06, 5.892815590178102e-06, -2.2126718703351967e-07, -9.619320495360273e-08, 7.66813956085669e-09, -0.001508164501102463, 0.012209399570813276, -0.006007216569093837, 0.0008773478479479338, 1.1652498317225211e-05, -7.276817739777973e-06, -4.44721927629118e-07, 7.1122848776418e-08], [-1.5089627615860238e-06, -3.637556680819851e-05, 1.4164302468147471e-05, -2.190644615106775e-06, 3.874241738379218e-08, 1.2143036367843375e-08, 1.2635532302340135e-09, -1.9348761218271064e-10, -0.0005197567118400108, 0.0010515874593160148, -0.0003293224057268016, 1.1652498317225211e-05, 5.799767525636999e-06, -2.2410464096393096e-07, -8.464119727634508e-08, 6.168713873445564e-09], [3.7737466167158065e-06, -8.317874503664257e-08, -3.8526844681864054e-07, 2.115291780667235e-07, -4.086673586550719e-08, 6.359317065578296e-10, 6.006721446389975e-10, -4.440228362411284e-11, 3.7999035053690704e-05, -0.00010877174389955455, 5.2250404712750085e-05, -7.276817739777973e-06, -2.2410464096393096e-07, 6.75008070739858e-08, 5.932428101068784e-09, -7.8624438770803e-10], [-1.0874911977555872e-07, 5.071940403896306e-07, -1.8410761475924068e-07, 3.333033646555088e-08, -2.1003654057212506e-09, -9.669673349373101e-11, 7.166234540235533e-12, 6.040436755295687e-13, 1.4441906149786555e-05, -1.6953405394310818e-05, 6.1199421796132555e-06, -4.44721927629118e-07, -8.464119727634508e-08, 5.932428101068784e-09, 1.3775357050377184e-09, -1.1752252745259776e-10], [-5.288918029432232e-09, -3.579120759594812e-08, 1.4867727917557895e-08, -3.4410281332425792e-09, 3.601509120827401e-10, 3.1567526524947676e-12, -3.845246104719259e-12, 2.1638616309851307e-13, -1.3304637525582193e-06, 1.5975507011221667e-06, -6.608805288692074e-07, 7.1122848776418e-08, 6.168713873445564e-09, -7.8624438770803e-10, -1.1752252745259776e-10, 1.2061451545081228e-11]]], "B_list": [{"B_d": [[5.978965213806296], [0.023376852906515578], [2.2891061979431303e-07]], "B_theta": [6.5675810314866475e-09], "B_const": [1.7102100412451517]}, {"B_d": [[0.19054657097478525], [0.002291811468712079], [2.1331823056603778e-07]], "B_theta": [1.1240386675987814e-09], "B_const": [0.14363897334322745]}, {"B_d": [[0.03321190321711434], [3.0735528759968434e-06], [1.2372940260381332e-05]], "B_theta": [1.1397989570882094e-06], "B_const": [0.03035609048578581]}, {"B_d": [[0.012479167590403305], [4.883822134515262e-07], [8.569466401743892e-06]], "B_theta": [1.1708154539577295e-06], "B_const": [0.010596854768829964]}, {"B_d": [[0.007989636178004243], [8.975251041053422e-07], [6.454147677853754e-06]], "B_theta": [9.297327094493288e-07], "B_const": [0.006441623025641881]}, {"B_d": [[0.005269703270582095], [1.20185969410403e-06], [5.513083521160813e-06]], "B_theta": [6.525040665461562e-07], "B_const": [0.004147584886743761]}, {"B_d": [[0.005323202575327343], [2.9623153922956784e-06], [5.359644526347784e-06]], "B_theta": [7.383421980638304e-07], "B_const": [0.004269279177683699]}, {"B_d": [[0.0056566879183959674], [2.0919744172877713e-06], [5.111197422556563e-06]], "B_theta": [6.871335077224906e-07], "B_const": [0.004103393949459131]}], "bic_scores": [361.4120062685405, 166.3419944081582, 73.35251422625059, 45.25468216646513, 52.48770239820536, 84.95113603648817, 139.31009571504865, 206.1333644932234], "best_bic": 45.25468216646513, "best_bic_A": [[38.152237852959885, -0.3315473054860158, -0.019823032248235603, 0.0011108406806705092, 1.7003231212979981, 0.01968953764861417, -0.0030340056769913794, 2.4691728147004214e-05], [-0.3315473054860158, 0.42109191661265705, -0.06215365165677052, 0.0030675915316252093, -0.04358473123894681, 0.010267249920232015, 0.0005615007030036923, -9.24356311535004e-05], [-0.019823032248235603, -0.06215365165677052, 0.014052576139732176, -0.0008282540642228602, 0.004876163005156078, -0.003252064745890201, 0.00028596635030083144, -2.4286797723144204e-06], [0.0011108406806705092, 0.0030675915316252093, -0.0008282540642228602, 5.384039626928559e-05, -0.00019050771409925713, 0.00021104540490610575, -2.900439849436477e-05, 9.787473501849264e-07], [1.7003231212979981, -0.04358473123894681, 0.004876163005156078, -0.00019050771409925713, 29.165795877120743, -0.3442693912154057, -0.01818872494992878, 0.0010350396055812793], [0.01968953764861417, 0.010267249920232015, -0.003252064745890201, 0.00021104540490610575, -0.3442693912154057, 0.39931012462898946, -0.05903395075924404, 0.0028974371592075565], [-0.0030340056769913794, 0.0005615007030036923, 0.00028596635030083144, -2.900439849436477e-05, -0.01818872494992878, -0.05903395075924404, 0.013383738490880093, -0.0007898824438939875], [2.4691728147004214e-05, -9.24356311535004e-05, -2.4286797723144204e-06, 9.787473501849264e-07, 0.0010350396055812793, 0.0028974371592075565, -0.0007898824438939875, 5.166284049847303e-05]], "best_bic_B": {"B_d": [[0.012479167590403305], [4.883822134515262e-07], [8.569466401743892e-06]], "B_theta": [1.1708154539577295e-06], "B_const": [0.010596854768829964]}, "best_bic_deg": 4, "best_bic_deg_idx": 3, "aic_scores": [351.883899729845, 148.4767946481041, 42.38616797549014, -3.5768638443494325, -18.973096642011086, -13.9029693024779, 8.298630807985191, 38.20048674871478], "best_aic": -18.973096642011086, "best_aic_A": [[37.81558323615091, -0.30842217632577634, -0.007231534555558545, -0.0015395435972721558, 0.00011336234169120779, 1.6582317272436318, 0.013405934581908788, 0.0011765548897184712, -0.0004254370579636585, 1.536820112440604e-05], [-0.30842217632577634, 0.6350097995999195, -0.16242226023381087, 0.019144266257601433, -0.0008344319344076767, -0.03211448239293216, 0.019244868399344986, -0.0031551171762138853, 0.00034814376867045566, -1.7423973666297337e-05], [-0.007231534555558545, -0.16242226023381087, 0.05931369215867089, -0.008032891423342486, 0.0003759686306915748, 0.0025996066307035813, -0.007016269664313969, 0.0018645903642129406, -0.00020259531941710314, 8.494196848432273e-06], [-0.0015395435972721558, 0.019144266257601433, -0.008032891423342486, 0.0011977035209049856, -5.970791415399446e-05, 2.592453790480333e-05, 0.0009265481849071796, -0.00031709021487476367, 3.84325931332227e-05, -1.643011783566468e-06], [0.00011336234169120779, -0.0008344319344076767, 0.0003759686306915748, -5.970791415399446e-05, 3.1152985512034285e-06, -1.0759466076858302e-05, -4.259584013298434e-05, 1.722063828688178e-05, -2.31000646402308e-06, 1.0457281455240351e-07], [1.6582317272436318, -0.03211448239293216, 0.0025996066307035813, 2.592453790480333e-05, -1.0759466076858302e-05, 29.00733083044399, -0.31353992160599825, -0.0056159082205315645, -0.0015456971444857428, 0.00010453462524245899], [0.013405934581908788, 0.019244868399344986, -0.007016269664313969, 0.0009265481849071796, -4.259584013298434e-05, -0.31353992160599825, 0.5989978582698433, -0.15529918675130922, 0.01833139110116222, -0.0007979288089612719], [0.0011765548897184712, -0.0031551171762138853, 0.0018645903642129406, -0.00031709021487476367, 1.722063828688178e-05, -0.0056159082205315645, -0.15529918675130922, 0.05757110778912976, -0.007818998936767449, 0.0003659770503760294], [-0.0004254370579636585, 0.00034814376867045566, -0.00020259531941710314, 3.84325931332227e-05, -2.31000646402308e-06, -0.0015456971444857428, 0.01833139110116222, -0.007818998936767449, 0.0011669978882922617, -5.810562585952707e-05], [1.536820112440604e-05, -1.7423973666297337e-05, 8.494196848432273e-06, -1.643011783566468e-06, 1.0457281455240351e-07, 0.00010453462524245899, -0.0007979288089612719, 0.0003659770503760294, -5.810562585952707e-05, 3.025400214547906e-06]], "best_aic_B": {"B_d": [[0.007989636178004243], [8.975251041053422e-07], [6.454147677853754e-06]], "B_theta": [9.297327094493288e-07], "B_const": [0.006441623025641881]}, "best_aic_deg": 5, "best_aic_deg_idx": 4, "lr": 0.01, "optimizer": null, "epochs": 120, "best_epochs": [113, 117, 93, 119, 117, 119, 118, 119], "batch_size": 1024}