{"degree": [1, 2, 3, 4, 5, 6, 7, 8], "losses": [203.33093360099377, 40.87171397482406, -31.785514080503045, -65.4448519835447, -87.53472956353879, -100.11829445683243, -106.35116776795286, -106.6241867223263], "A_list": [[[38.318764370795336, 1.7742828450015982], [1.7742828450015982, 29.02565487825562]], [[40.16707394519661, -0.4244378771070624, 1.7128025582893116, 0.021658199837869575], [-0.4244378771070624, 0.10656924158895309, -0.025432100788949124, 0.0038586820998333248], [1.7128025582893116, -0.025432100788949124, 30.901508421446486, -0.4254093355808754], [0.021658199837869575, 0.0038586820998333248, -0.4254093355808754, 0.10029868757619037]], [[38.26264676576617, -0.2905394325645977, -0.019331914104701538, 1.5806772202164798, 0.037455443382143315, -0.0024090083685928566], [-0.2905394325645977, 0.27126706753606655, -0.019692733079497888, -0.04222365368760586, 0.008968649956346967, 0.00011325608060470661], [-0.019331914104701538, -0.019692733079497888, 0.0023390387794279847, 0.003133370637236948, -0.0012802639637788475, 5.9054662107451664e-05], [1.5806772202164798, -0.04222365368760586, 0.003133370637236948, 29.93293938636646, -0.31314882539877237, -0.016342966434979147], [0.037455443382143315, 0.008968649956346967, -0.0012802639637788475, -0.31314882539877237, 0.2559661290020141, -0.01859029495099321], [-0.0024090083685928566, 0.00011325608060470661, 5.9054662107451664e-05, -0.016342966434979147, -0.01859029495099321, 0.002232758952570411]], [[38.163164522095606, -0.2591293208971567, -0.016419700071022517, 7.491561779509404e-05, 1.6450487978481527, 0.02730942814769702, -0.0025453177787048524, -0.00010574414291834351], [-0.2591293208971567, 0.5166183853991114, -0.10228848253450862, 0.007108303206110838, -0.03256811877765357, 0.01597065474441789, -0.001154743098035142, 4.201797016303587e-05], [-0.016419700071022517, -0.10228848253450862, 0.02987470063938777, -0.0023855368044956, 0.0020382260634907016, -0.005024119751462822, 0.0009134569152100105, -5.557945353890552e-05], [7.491561779509404e-05, 0.007108303206110838, -0.0023855368044956, 0.0002068935656020299, 0.00014269211000877204, 0.00040341013064994934, -9.357405440833658e-05, 6.54695932957627e-06], [1.6450487978481527, -0.03256811877765357, 0.0020382260634907016, 0.00014269211000877204, 29.712384555422776, -0.2719081465835904, -0.017289215744523218, 0.0002309685856595597], [0.02730942814769702, 0.01597065474441789, -0.005024119751462822, 0.00040341013064994934, -0.2719081465835904, 0.4739841780016761, -0.09385577812279865, 0.006467324562627581], [-0.0025453177787048524, -0.001154743098035142, 0.0009134569152100105, -9.357405440833658e-05, -0.017289215744523218, -0.09385577812279865, 0.0276581726674576, -0.002205555629187999], [-0.00010574414291834351, 4.201797016303587e-05, -5.557945353890552e-05, 6.54695932957627e-06, 0.0002309685856595597, 0.006467324562627581, -0.002205555629187999, 0.00019132713903052505]], [[38.683131564188095, -0.3587519993626219, 0.038435973476896784, -0.010996201176123146, 0.000652515796761285, 1.6632402623452966, 0.01936756785457614, 3.25811343938345e-05, -0.0005041564895474907, 2.8966206548129556e-05], [-0.3587519993626219, 1.012637601455842, -0.37196886116093325, 0.06205695367738204, -0.0037799006902736487, -0.015510062336452357, 0.032501551374514236, -0.011120719776035636, 0.0020183453206209807, -0.0001392735787964506], [0.038435973476896784, -0.37196886116093325, 0.1763402163770789, -0.032314998592364995, 0.0020668887125057374, -0.0088519696520672, -0.013237727968168769, 0.005815024677654811, -0.0010354915925647461, 6.953025325339531e-05], [-0.010996201176123146, 0.06205695367738204, -0.032314998592364995, 0.006334698555765359, -0.00042375147547478974, 0.0023500093110835835, 0.0020037311959720714, -0.0010780096040464446, 0.0002041319314736518, -1.3884575912818045e-05], [0.000652515796761285, -0.0037799006902736487, 0.0020668887125057374, -0.00042375147547478974, 2.930017314913124e-05, -0.00015620628493436429, -0.00010857903363345943, 6.735738058625871e-05, -1.3600334372133868e-05, 9.518905969426907e-07], [1.6632402623452966, -0.015510062336452357, -0.0088519696520672, 0.0023500093110835835, -0.00015620628493436429, 29.619900765267246, -0.3516462368847837, 0.03577489095337592, -0.010816102322667824, 0.0006944561811879829], [0.01936756785457614, 0.032501551374514236, -0.013237727968168769, 0.0020037311959720714, -0.00010857903363345943, -0.3516462368847837, 0.9196562921793412, -0.3378825304515605, 0.056340326456180735, -0.0034312049313424426], [3.25811343938345e-05, -0.011120719776035636, 0.005815024677654811, -0.0010780096040464446, 6.735738058625871e-05, 0.03577489095337592, -0.3378825304515605, 0.1609153921280132, -0.029515591879936277, 0.001886486910925013], [-0.0005041564895474907, 0.0020183453206209807, -0.0010354915925647461, 0.0002041319314736518, -1.3600334372133868e-05, -0.010816102322667824, 0.056340326456180735, -0.029515591879936277, 0.0057985122308406335, -0.0003877272517152907], [2.8966206548129556e-05, -0.0001392735787964506, 6.953025325339531e-05, -1.3884575912818045e-05, 9.518905969426907e-07, 0.0006944561811879829, -0.0034312049313424426, 0.001886486910925013, -0.0003877272517152907, 2.6809224041252537e-05]], [[38.75172278213867, -0.2983073983419579, 0.019793386155318872, -0.008625935330088432, 0.000599443318540212, -4.3485714646391056e-07, 1.6858191095929416, 0.025912033729467997, -0.00031172173323890107, -0.0008917130815420948, 0.00018055711210409123, -1.443319755263712e-05], [-0.2983073983419579, 0.9580217611249648, -0.33734991320936086, 0.05097197544781375, -0.002014007319489956, -0.0001095276411535206, -0.02591532027849989, 0.026172436774955062, -0.007443561333102117, 0.001484010673049087, -0.00014608079210994473, 5.44048064642634e-06], [0.019793386155318872, -0.33734991320936086, 0.16715053953177023, -0.03370874912775436, 0.0027578730051528648, -5.821895487194535e-05, -0.0010809371955605405, -0.008216943157176396, 0.0035912329174056876, -0.0008008807814362112, 9.579145447746798e-05, -4.762685683426372e-06], [-0.008625935330088432, 0.05097197544781375, -0.03370874912775436, 0.009431616835720845, -0.0011950139796317023, 5.650233109702921e-05, 0.0005341191467586925, 0.000252043719837955, -0.0003640224935684759, 0.00015481206732394006, -2.85868666491537e-05, 1.882189155721245e-06], [0.000599443318540212, -0.002014007319489956, 0.0027578730051528648, -0.0011950139796317023, 0.0002087204592367015, -1.283388250046801e-05, -5.1862183986383236e-05, 0.00020714174636533806, -5.047589774595488e-05, -8.193825372608763e-06, 3.9455543785588286e-06, -3.3523669422705073e-07], [-4.3485714646391056e-07, -0.0001095276411535206, -5.821895487194535e-05, 5.650233109702921e-05, -1.283388250046801e-05, 9.085547078166937e-07, 3.991114303242493e-07, -2.0814026600084817e-05, 7.3280423038512145e-06, -2.403835019106626e-07, -2.054186065092382e-07, 2.1574991179422704e-08], [1.6858191095929416, -0.02591532027849989, -0.0010809371955605405, 0.0005341191467586925, -5.1862183986383236e-05, 3.991114303242493e-07, 29.5412225611204, -0.29948052547635123, 0.020099354154553162, -0.00927452225360616, 0.0007476654185870658, -8.221618656232242e-06], [0.025912033729467997, 0.026172436774955062, -0.008216943157176396, 0.000252043719837955, 0.00020714174636533806, -2.0814026600084817e-05, -0.29948052547635123, 0.8669717936236596, -0.3073927881238769, 0.0473074639043717, -0.002049748692921367, -8.473297045126204e-05], [-0.00031172173323890107, -0.007443561333102117, 0.0035912329174056876, -0.0003640224935684759, -5.047589774595488e-05, 7.3280423038512145e-06, 0.020099354154553162, -0.3073927881238769, 0.15502098901386263, -0.03182087875108566, 0.0026921596047075873, -6.343744548959948e-05], [-0.0008917130815420948, 0.001484010673049087, -0.0008008807814362112, 0.00015481206732394006, -8.193825372608763e-06, -2.403835019106626e-07, -0.00927452225360616, 0.0473074639043717, -0.03182087875108566, 0.008995830961557299, -0.0011501248547763, 5.486409203369353e-05], [0.00018055711210409123, -0.00014608079210994473, 9.579145447746798e-05, -2.85868666491537e-05, 3.9455543785588286e-06, -2.054186065092382e-07, 0.0007476654185870658, -0.002049748692921367, 0.0026921596047075873, -0.0011501248547763, 0.00019927413284033795, -1.2183229506702747e-05], [-1.443319755263712e-05, 5.44048064642634e-06, -4.762685683426372e-06, 1.882189155721245e-06, -3.3523669422705073e-07, 2.1574991179422704e-08, -8.221618656232242e-06, -8.473297045126204e-05, -6.343744548959948e-05, 5.486409203369353e-05, -1.2183229506702747e-05, 8.535647960519416e-07]], [[38.6402628754089, -0.36927420868218197, 0.06263172440030106, -0.015988519154428785, -0.00109101548836246, 0.0006243104574338995, -4.963668602782745e-05, 1.6358307713778786, 0.025888968474578944, 0.003547112005673883, -0.0013199016200329955, 2.247970341559026e-05, 4.607677147633084e-05, -4.694810671423405e-06], [-0.36927420868218197, 1.1409420426226065, -0.4499743692013066, 0.06965883206479248, 0.0016298023189491005, -0.001471724551359088, 0.00010490058676100658, -0.01695171773115982, 0.029863902770803058, -0.010228774370849198, 0.0022151994564876066, -0.00018545316932463626, -4.880507412388733e-06, 1.1357446834521114e-06], [0.06263172440030106, -0.4499743692013066, 0.23834458269568748, -0.04467744746054688, -0.00012526160546791408, 0.0009253357707827912, -7.467904643828197e-05, -0.006332936174332135, -0.007649908541023001, 0.0037174562541744116, -0.0010045922612845844, 0.0001238893486928813, -3.4326970351943124e-06, -3.4146914108389814e-07], [-0.015988519154428785, 0.06965883206479248, -0.04467744746054688, 0.010015208823516582, -0.0001634810430547352, -0.00020599743722466647, 1.8654265680189472e-05, 0.002784847472013602, -0.0005493077268448089, -3.9498594545536725e-05, 0.00012215896927021935, -3.3171204044417076e-05, 3.1499146536623326e-06, -6.643947133030562e-08], [-0.00109101548836246, 0.0016298023189491005, -0.00012526160546791408, -0.0001634810430547352, 2.4567873184434162e-05, 3.1057611961280005e-06, -5.302496835462315e-07, -0.0006699738841335011, 0.0004567453594279936, -0.000207106209357664, 3.327958612283187e-05, 1.2716439083650545e-06, -8.40291405328504e-07, 5.894122451616561e-08], [0.0006243104574338995, -0.001471724551359088, 0.0009253357707827912, -0.00020599743722466647, 3.1057611961280005e-06, 4.266571196222055e-06, -3.832905582843608e-07, 0.00011163102725344425, -5.511710438246625e-05, 3.5431016347965076e-05, -9.577594693509162e-06, 7.092540426449869e-07, 8.509407180550462e-08, -1.1128551897531352e-08], [-4.963668602782745e-05, 0.00010490058676100658, -7.467904643828197e-05, 1.8654265680189472e-05, -5.302496835462315e-07, -3.832905582843608e-07, 3.734497525002705e-08, -7.1267904864079596e-06, 1.818397686372523e-06, -1.7623330863995243e-06, 6.501369555555484e-07, -7.435734808665191e-08, -2.417518240033246e-09, 6.646438335571057e-10], [1.6358307713778786, -0.01695171773115982, -0.006332936174332135, 0.002784847472013602, -0.0006699738841335011, 0.00011163102725344425, -7.1267904864079596e-06, 29.576841491704275, -0.3733337589507063, 0.06850782757939222, -0.01798229384510297, -0.0005957744703798417, 0.0005611262870612062, -4.56550753378672e-05], [0.025888968474578944, 0.029863902770803058, -0.007649908541023001, -0.0005493077268448089, 0.0004567453594279936, -5.511710438246625e-05, 1.818397686372523e-06, -0.3733337589507063, 1.0132032896783523, -0.40300580621080373, 0.06328161926555602, 0.001232288438499887, -0.0013022951203334912, 9.388742256800705e-05], [0.003547112005673883, -0.010228774370849198, 0.0037174562541744116, -3.9498594545536725e-05, -0.000207106209357664, 3.5431016347965076e-05, -1.7623330863995243e-06, 0.06850782757939222, -0.40300580621080373, 0.21671447325061682, -0.04113330226971852, 1.0839278485564804e-05, 0.0008313624300560014, -6.766175271456391e-05], [-0.0013199016200329955, 0.0022151994564876066, -0.0010045922612845844, 0.00012215896927021935, 3.327958612283187e-05, -9.577594693509162e-06, 6.501369555555484e-07, -0.01798229384510297, 0.06328161926555602, -0.04113330226971852, 0.00928744443436739, -0.00016753613584298929, -0.00018760629862924172, 1.7050727481672167e-05], [2.247970341559026e-05, -0.00018545316932463626, 0.0001238893486928813, -3.3171204044417076e-05, 1.2716439083650545e-06, 7.092540426449869e-07, -7.435734808665191e-08, -0.0005957744703798417, 0.001232288438499887, 1.0839278485564804e-05, -0.00016753613584298929, 2.0899444908152052e-05, 3.3555218008253076e-06, -5.12550461421534e-07], [4.607677147633084e-05, -4.880507412388733e-06, -3.4326970351943124e-06, 3.1499146536623326e-06, -8.40291405328504e-07, 8.509407180550462e-08, -2.417518240033246e-09, 0.0005611262870612062, -0.0013022951203334912, 0.0008313624300560014, -0.00018760629862924172, 3.3555218008253076e-06, 3.8104505704183985e-06, -3.460079467536195e-07], [-4.694810671423405e-06, 1.1357446834521114e-06, -3.4146914108389814e-07, -6.643947133030562e-08, 5.894122451616561e-08, -1.1128551897531352e-08, 6.646438335571057e-10, -4.56550753378672e-05, 9.388742256800705e-05, -6.766175271456391e-05, 1.7050727481672167e-05, -5.12550461421534e-07, -3.460079467536195e-07, 3.391923389239387e-08]], [[38.359420378624904, -0.2571706609511959, 0.002816925133377845, 0.003279391584372394, -0.003962401484563519, 0.00027799738682861204, 0.00011793517683570079, -1.4122073515855168e-05, 1.6687446426312473, 0.03628650153704403, -0.0015445757750952216, -0.0010437376214034791, 0.0002017351488753453, 8.00670124527151e-06, -4.792385056476321e-06, 2.979124932958476e-07], [-0.2571706609511959, 1.0097708543478627, -0.3535676459077606, 0.03589337375535124, 0.005447352569147732, -0.0006247729513317366, -0.00015714731695332267, 1.8767669100562555e-05, -0.012256049958851796, 0.02821009206142088, -0.010193051875476259, 0.0023415006736115388, -0.0001986365822740278, -1.689704757096015e-05, 4.671966185358895e-06, -2.7312527426554554e-07], [0.002816925133377845, -0.3535676459077606, 0.1681959815211658, -0.021968144087573513, -0.0023125866685331843, 0.0003773254834004925, 7.550402123598156e-05, -1.0110094615500705e-05, -0.007128858245456296, -0.00808827370566574, 0.004138647582175672, -0.0011437765539319346, 0.00013918937569838298, 5.424264007500297e-06, -3.1551411842727387e-06, 2.24719646403658e-07], [0.003279391584372394, 0.03589337375535124, -0.021968144087573513, 0.0038371920327191144, 0.00021984436076867502, -6.609080009757046e-05, -9.589450846415782e-06, 1.5631043487331778e-06, 0.0019418365184944721, -0.0007322533220968964, 0.00012087300518538627, 9.614964672391002e-05, -3.433225588409523e-05, 7.095147761044126e-07, 8.874970965296541e-07, -8.365644153043633e-08], [-0.003962401484563519, 0.005447352569147732, -0.0023125866685331843, 0.00021984436076867502, 4.342573067273908e-05, -3.89730368042175e-06, -1.1905984106456386e-06, 1.2790744525866643e-07, -0.0002540941147272895, 0.0004967561741594184, -0.00025167109498319494, 4.146089805916519e-05, 1.2996510191521128e-06, -5.694083177865705e-07, -6.665479664055726e-08, 1.1498441773402474e-08], [0.00027799738682861204, -0.0006247729513317366, 0.0003773254834004925, -6.609080009757046e-05, -3.89730368042175e-06, 1.1529912709738426e-06, 1.7037379824721403e-07, -2.75896684205751e-08, -2.1201344744979236e-05, -1.0901672700174396e-05, 1.0632876556015604e-05, -3.720381230659759e-06, 4.346746365206199e-07, 2.5078672463231513e-08, -9.200050430101899e-09, 5.134246137781899e-10], [0.00011793517683570079, -0.00015714731695332267, 7.550402123598156e-05, -9.589450846415782e-06, -1.1905984106456386e-06, 1.7037379824721403e-07, 3.796783186843744e-08, -4.813529300163676e-09, 1.4575502235982708e-05, -1.2916945897885342e-05, 7.026188066253923e-06, -1.2959963409920408e-06, -8.253840650478162e-09, 1.678753846505186e-08, 1.2348424776420978e-09, -2.827463007782493e-10], [-1.4122073515855168e-05, 1.8767669100562555e-05, -1.0110094615500705e-05, 1.5631043487331778e-06, 1.2790744525866643e-07, -2.75896684205751e-08, -4.813529300163676e-09, 7.048322736027282e-10, -1.3100605266643535e-06, 1.200543089099607e-06, -7.141986979411673e-07, 1.5422174806111793e-07, -4.311645101296339e-09, -1.7835637333534457e-09, -2.0268051901566884e-12, 1.95755081134838e-11], [1.6687446426312473, -0.012256049958851796, -0.007128858245456296, 0.0019418365184944721, -0.0002540941147272895, -2.1201344744979236e-05, 1.4575502235982708e-05, -1.3100605266643535e-06, 29.421630512603226, -0.2980633953814266, 0.02252787647513193, -0.0011043959234122453, -0.0033961834024512356, 0.00030815780873422557, 9.205751425133584e-05, -1.1515026898993797e-05], [0.03628650153704403, 0.02821009206142088, -0.00808827370566574, -0.0007322533220968964, 0.0004967561741594184, -1.0901672700174396e-05, -1.2916945897885342e-05, 1.200543089099607e-06, -0.2980633953814266, 0.9102934529892741, -0.32330141531299655, 0.03374906969382107, 0.004885418098833889, -0.0005973077747827996, -0.00013974683271355813, 1.7074258607351844e-05], [-0.0015445757750952216, -0.010193051875476259, 0.004138647582175672, 0.00012087300518538627, -0.00025167109498319494, 1.0632876556015604e-05, 7.026188066253923e-06, -7.141986979411673e-07, 0.02252787647513193, -0.32330141531299655, 0.1566763235307533, -0.020914105850707666, -0.002094444501350817, 0.00036107107134334955, 6.811345911379264e-05, -9.31465751182474e-06], [-0.0010437376214034791, 0.0023415006736115388, -0.0011437765539319346, 9.614964672391002e-05, 4.146089805916519e-05, -3.720381230659759e-06, -1.2959963409920408e-06, 1.5422174806111793e-07, -0.0011043959234122453, 0.03374906969382107, -0.020914105850707666, 0.003705910401994126, 0.00019783331102871286, -6.340666442057351e-05, -8.72645494523872e-06, 1.4537624777773218e-06], [0.0002017351488753453, -0.0001986365822740278, 0.00013918937569838298, -3.433225588409523e-05, 1.2996510191521128e-06, 4.346746365206199e-07, -8.253840650478162e-09, -4.311645101296339e-09, -0.0033961834024512356, 0.004885418098833889, -0.002094444501350817, 0.00019783331102871286, 3.99332295719377e-05, -3.622763354243641e-06, -1.0730146311049264e-06, 1.1574040486506886e-07], [8.00670124527151e-06, -1.689704757096015e-05, 5.424264007500297e-06, 7.095147761044126e-07, -5.694083177865705e-07, 2.5078672463231513e-08, 1.678753846505186e-08, -1.7835637333534457e-09, 0.00030815780873422557, -0.0005973077747827996, 0.00036107107134334955, -6.340666442057351e-05, -3.622763354243641e-06, 1.1026957409027847e-06, 1.5709870612303039e-07, -2.574115170382776e-08], [-4.792385056476321e-06, 4.671966185358895e-06, -3.1551411842727387e-06, 8.874970965296541e-07, -6.665479664055726e-08, -9.200050430101899e-09, 1.2348424776420978e-09, -2.0268051901566884e-12, 9.205751425133584e-05, -0.00013974683271355813, 6.811345911379264e-05, -8.72645494523872e-06, -1.0730146311049264e-06, 1.5709870612303039e-07, 3.373579204266048e-08, -4.316961708488766e-09], [2.979124932958476e-07, -2.7312527426554554e-07, 2.24719646403658e-07, -8.365644153043633e-08, 1.1498441773402474e-08, 5.134246137781899e-10, -2.827463007782493e-10, 1.95755081134838e-11, -1.1515026898993797e-05, 1.7074258607351844e-05, -9.31465751182474e-06, 1.4537624777773218e-06, 1.1574040486506886e-07, -2.574115170382776e-08, -4.316961708488766e-09, 6.400729168029964e-10]]], "B_list": [{"B_d": [[2.116926871436373], [0.002089164032232302], [5.065901714190494e-07]], "B_theta": [2.70787034767721e-08], "B_const": [0.7198785017119723]}, {"B_d": [[0.05848561264193611], [3.320110832934453e-06], [1.3457417945085e-05]], "B_theta": [1.0430522920625552e-07], "B_const": [0.052010005838615564]}, {"B_d": [[0.013190357132353751], [2.1697599246714475e-06], [8.600875664973265e-06]], "B_theta": [1.1364692194894437e-06], "B_const": [0.011485629446423288]}, {"B_d": [[0.006625620164914425], [6.674914090842208e-06], [5.615373821340657e-06]], "B_theta": [7.685907654228882e-07], "B_const": [0.005392021519853902]}, {"B_d": [[0.00424862263670031], [8.178979934622238e-07], [4.017138325880127e-06]], "B_theta": [5.279699911558895e-07], "B_const": [0.0032587840326827877]}, {"B_d": [[0.002972993971247425], [9.468823219117282e-07], [3.3463654354265462e-06]], "B_theta": [3.751845467347505e-07], "B_const": [0.002160050041061898]}, {"B_d": [[0.002901732888748678], [6.336933930642388e-07], [2.89095183113238e-06]], "B_theta": [3.4541699828529726e-07], "B_const": [0.001991727763730326]}, {"B_d": [[0.0028690679848655722], [4.691186394486812e-06], [2.7538488899536837e-06]], "B_theta": [3.671280068176328e-07], "B_const": [0.0019726105423394365]}], "bic_scores": [219.70831184988216, 71.57929819148981, 21.44096522838426, 18.489211542008363, 35.29560730312423, 69.79700487538473, 118.83778315426267, 182.02710491433177], "best_bic": 18.489211542008363, "best_bic_A": [[38.163164522095606, -0.2591293208971567, -0.016419700071022517, 7.491561779509404e-05, 1.6450487978481527, 0.02730942814769702, -0.0025453177787048524, -0.00010574414291834351], [-0.2591293208971567, 0.5166183853991114, -0.10228848253450862, 0.007108303206110838, -0.03256811877765357, 0.01597065474441789, -0.001154743098035142, 4.201797016303587e-05], [-0.016419700071022517, -0.10228848253450862, 0.02987470063938777, -0.0023855368044956, 0.0020382260634907016, -0.005024119751462822, 0.0009134569152100105, -5.557945353890552e-05], [7.491561779509404e-05, 0.007108303206110838, -0.0023855368044956, 0.0002068935656020299, 0.00014269211000877204, 0.00040341013064994934, -9.357405440833658e-05, 6.54695932957627e-06], [1.6450487978481527, -0.03256811877765357, 0.0020382260634907016, 0.00014269211000877204, 29.712384555422776, -0.2719081465835904, -0.017289215744523218, 0.0002309685856595597], [0.02730942814769702, 0.01597065474441789, -0.005024119751462822, 0.00040341013064994934, -0.2719081465835904, 0.4739841780016761, -0.09385577812279865, 0.006467324562627581], [-0.0025453177787048524, -0.001154743098035142, 0.0009134569152100105, -9.357405440833658e-05, -0.017289215744523218, -0.09385577812279865, 0.0276581726674576, -0.002205555629187999], [-0.00010574414291834351, 4.201797016303587e-05, -5.557945353890552e-05, 6.54695932957627e-06, 0.0002309685856595597, 0.006467324562627581, -0.002205555629187999, 0.00019132713903052505]], "best_bic_B": {"B_d": [[0.006625620164914425], [6.674914090842208e-06], [5.615373821340657e-06]], "B_theta": [7.685907654228882e-07], "B_const": [0.005392021519853902]}, "best_bic_deg": 4, "best_bic_deg_idx": 3, "aic_scores": [211.33093360099377, 55.87171397482406, -5.785514080503045, -24.444851983544694, -27.53472956353879, -17.11829445683243, 3.648832232047141, 34.3758132776737], "best_aic": -27.53472956353879, "best_aic_A": [[38.683131564188095, -0.3587519993626219, 0.038435973476896784, -0.010996201176123146, 0.000652515796761285, 1.6632402623452966, 0.01936756785457614, 3.25811343938345e-05, -0.0005041564895474907, 2.8966206548129556e-05], [-0.3587519993626219, 1.012637601455842, -0.37196886116093325, 0.06205695367738204, -0.0037799006902736487, -0.015510062336452357, 0.032501551374514236, -0.011120719776035636, 0.0020183453206209807, -0.0001392735787964506], [0.038435973476896784, -0.37196886116093325, 0.1763402163770789, -0.032314998592364995, 0.0020668887125057374, -0.0088519696520672, -0.013237727968168769, 0.005815024677654811, -0.0010354915925647461, 6.953025325339531e-05], [-0.010996201176123146, 0.06205695367738204, -0.032314998592364995, 0.006334698555765359, -0.00042375147547478974, 0.0023500093110835835, 0.0020037311959720714, -0.0010780096040464446, 0.0002041319314736518, -1.3884575912818045e-05], [0.000652515796761285, -0.0037799006902736487, 0.0020668887125057374, -0.00042375147547478974, 2.930017314913124e-05, -0.00015620628493436429, -0.00010857903363345943, 6.735738058625871e-05, -1.3600334372133868e-05, 9.518905969426907e-07], [1.6632402623452966, -0.015510062336452357, -0.0088519696520672, 0.0023500093110835835, -0.00015620628493436429, 29.619900765267246, -0.3516462368847837, 0.03577489095337592, -0.010816102322667824, 0.0006944561811879829], [0.01936756785457614, 0.032501551374514236, -0.013237727968168769, 0.0020037311959720714, -0.00010857903363345943, -0.3516462368847837, 0.9196562921793412, -0.3378825304515605, 0.056340326456180735, -0.0034312049313424426], [3.25811343938345e-05, -0.011120719776035636, 0.005815024677654811, -0.0010780096040464446, 6.735738058625871e-05, 0.03577489095337592, -0.3378825304515605, 0.1609153921280132, -0.029515591879936277, 0.001886486910925013], [-0.0005041564895474907, 0.0020183453206209807, -0.0010354915925647461, 0.0002041319314736518, -1.3600334372133868e-05, -0.010816102322667824, 0.056340326456180735, -0.029515591879936277, 0.0057985122308406335, -0.0003877272517152907], [2.8966206548129556e-05, -0.0001392735787964506, 6.953025325339531e-05, -1.3884575912818045e-05, 9.518905969426907e-07, 0.0006944561811879829, -0.0034312049313424426, 0.001886486910925013, -0.0003877272517152907, 2.6809224041252537e-05]], "best_aic_B": {"B_d": [[0.00424862263670031], [8.178979934622238e-07], [4.017138325880127e-06]], "B_theta": [5.279699911558895e-07], "B_const": [0.0032587840326827877]}, "best_aic_deg": 5, "best_aic_deg_idx": 4, "lr": 0.01, "optimizer": null, "epochs": 100, "best_epochs": [88, 93, 63, 71, 99, 99, 99, 99], "batch_size": 1024}