{"degree": [1, 2, 3, 4, 5, 6, 7, 8], "losses": [83.82510936356451, -16.92311018532651, -50.574206615275244, -71.9714919518771, -92.71611330624268, -110.93787652300185, -113.96907816407389, -120.19440511279835], "A_list": [[[40.395531467369, 1.9853313622283508], [1.9853313622283508, 30.481848087372462]], [[40.92706663765159, -0.3202748529323555, 1.9409077015264178, 0.03686123222019179], [-0.3202748529323555, 0.1344248771829848, -0.02925424329732505, 0.003429467264459651], [1.9409077015264178, -0.02925424329732505, 31.454688309635845, -0.31163105891350024], [0.03686123222019179, 0.003429467264459651, -0.31163105891350024, 0.1227112180949644]], [[40.57320502708848, -0.18770478682881117, -0.030091593330513047, 1.7159412279518376, 0.05815316976803014, -0.005714157280371962], [-0.18770478682881117, 0.3522397159916246, -0.03898648447514404, -0.029378751318163688, 0.010143641530327742, 0.00014175324718944247], [-0.030091593330513047, -0.03898648447514404, 0.006972980049860184, 0.0014016980373230045, -0.0023151214563285312, 0.00020593134779983707], [1.7159412279518376, -0.029378751318163688, 0.0014016980373230045, 30.62718938006842, -0.1788005510506937, -0.027155482793136537], [0.05815316976803014, 0.010143641530327742, -0.0023151214563285312, -0.1788005510506937, 0.32240736305713436, -0.03561674637524161], [-0.005714157280371962, 0.00014175324718944247, 0.00020593134779983707, -0.027155482793136537, -0.03561674637524161, 0.006408139326466854]], [[39.96805316386987, -0.4590537699887338, 0.09132771263172539, -0.015309192642265167, 1.8957301818941594, 0.02650259427941307, 0.0030562496159156575, -0.0008529396356262328], [-0.4590537699887338, 1.1017310667668787, -0.37520488894809867, 0.04349451849623, -0.03466552728330716, 0.03761874535763734, -0.01215261459558498, 0.0016068759530183901], [0.09132771263172539, -0.37520488894809867, 0.15798239028760303, -0.01957907154323868, 0.0009124368226576702, -0.015418025444846833, 0.006012578910666535, -0.0007562691192260227], [-0.015309192642265167, 0.04349451849623, -0.01957907154323868, 0.0025349363300107746, 0.00016573607523029063, 0.0017780969001925044, -0.000780723122309986, 0.00010239946135685014], [1.8957301818941594, -0.03466552728330716, 0.0009124368226576702, 0.00016573607523029063, 30.834756504671667, -0.3841506054057297, 0.07084723858919999, -0.012467533719259684], [0.02650259427941307, 0.03761874535763734, -0.015418025444846833, 0.0017780969001925044, -0.3841506054057297, 0.9406825292491136, -0.31658811775686363, 0.03634544738701113], [0.0030562496159156575, -0.01215261459558498, 0.006012578910666535, -0.000780723122309986, 0.07084723858919999, -0.31658811775686363, 0.13451688099525108, -0.016625516574512694], [-0.0008529396356262328, 0.0016068759530183901, -0.0007562691192260227, 0.00010239946135685014, -0.012467533719259684, 0.03634544738701113, -0.016625516574512694, 0.002154801179594832]], [[40.09229281257492, -0.5405190776971239, 0.17551359735300204, -0.0379668003560192, 0.0019446494161550244, 1.8626489885072381, 0.01822721015107653, 0.010481192190713307, -0.0034717120204924763, 0.0001760543659236542], [-0.5405190776971239, 2.9615825615991915, -1.8381998273294657, 0.48709322068918304, -0.045852091907126566, -0.017720344640625604, 0.12371790603408553, -0.07573657712453982, 0.02097038638207262, -0.00202693118085836], [0.17551359735300204, -1.8381998273294657, 1.3136965688675384, -0.37105961286859335, 0.03643103294494632, -0.00986802417856447, -0.07389110638466566, 0.05162902040820932, -0.014979892185681533, 0.0014979146456898236], [-0.0379668003560192, 0.48709322068918304, -0.37105961286859335, 0.1096037528255288, -0.01111265499076808, 0.004348524568025671, 0.01868080793873233, -0.014032887053193237, 0.004223420752448183, -0.0004332840688295784], [0.0019446494161550244, -0.045852091907126566, 0.03643103294494632, -0.01111265499076808, 0.001154335434924612, -0.0005663069140488737, -0.0016469703784711888, 0.0013225142390110953, -0.0004145548796455206, 4.3755874271209075e-05], [1.8626489885072381, -0.017720344640625604, -0.00986802417856447, 0.004348524568025671, -0.0005663069140488737, 30.534657671672104, -0.5309326953448219, 0.1950034264373368, -0.04803157837452133, 0.0033147717849464895], [0.01822721015107653, 0.12371790603408553, -0.07389110638466566, 0.01868080793873233, -0.0016469703784711888, -0.5309326953448219, 2.5731390231610356, -1.606163829448017, 0.4272166646084628, -0.04040847546649525], [0.010481192190713307, -0.07573657712453982, 0.05162902040820932, -0.014032887053193237, 0.0013225142390110953, 0.1950034264373368, -1.606163829448017, 1.1544157805106854, -0.3266785500275198, 0.032142260969248944], [-0.0034717120204924763, 0.02097038638207262, -0.014979892185681533, 0.004223420752448183, -0.0004145548796455206, -0.04803157837452133, 0.4272166646084628, -0.3266785500275198, 0.096602099964951, -0.009805138229266059], [0.0001760543659236542, -0.00202693118085836, 0.0014979146456898236, -0.0004332840688295784, 4.3755874271209075e-05, 0.0033147717849464895, -0.04040847546649525, 0.032142260969248944, -0.009805138229266059, 0.001018488309286738]], [[39.98096547385379, -0.44307177058291547, 0.19430819228961624, -0.07712088172770482, 0.014021140340624511, -0.0011572392886224651, 1.862395239110676, 0.0385457494768758, 0.0018470569790017821, -0.0015749628187373271, 0.00033686134831473896, -4.166229126678633e-05], [-0.44307177058291547, 2.8691404962184066, -1.9036666033111909, 0.5574156638214582, -0.06572914123963355, 0.0017759568201299591, -0.0073064503911957155, 0.135156611658958, -0.09380745142109874, 0.03205795045877256, -0.004981336796030224, 0.00028403321903708626], [0.19430819228961624, -1.9036666033111909, 1.6322172518723237, -0.6076214839851264, 0.10221416482005834, -0.006283427465185871, -0.012262383860902493, -0.09787692194894419, 0.08432387796741755, -0.03391049436281504, 0.006383865013724949, -0.00045595505200140564], [-0.07712088172770482, 0.5574156638214582, -0.6076214839851264, 0.2815041369499562, -0.059034956961003804, 0.004622793551498532, 0.004014401933640998, 0.03120864675603861, -0.03331699969032285, 0.01561104265367045, -0.0033703754080414254, 0.00027143550636902114], [0.014021140340624511, -0.06572914123963355, 0.10221416482005834, -0.059034956961003804, 0.014555224881616466, -0.001297095724978362, -0.0002938816293428552, -0.004307358139776238, 0.005972180208601073, -0.0032503792699816493, 0.0007844261965683523, -6.851053552401959e-05], [-0.0011572392886224651, 0.0017759568201299591, -0.006283427465185871, 0.004622793551498532, -0.001297095724978362, 0.00012574891042461944, 1.881594547937121e-05, 0.0001913293875779969, -0.00040069418481761114, 0.0002540527085541011, -6.737192188768944e-05, 6.250534094694587e-06], [1.862395239110676, -0.0073064503911957155, -0.012262383860902493, 0.004014401933640998, -0.0002938816293428552, 1.881594547937121e-05, 30.763290536442536, -0.4474973217400835, 0.18521325013211196, -0.06720558106782756, 0.00974590312429121, -0.0005985548259413165], [0.0385457494768758, 0.135156611658958, -0.09787692194894419, 0.03120864675603861, -0.004307358139776238, 0.0001913293875779969, -0.4474973217400835, 2.4936019828492872, -1.6620925419298587, 0.49200653574608233, -0.05925652886459628, 0.001723649623718372], [0.0018470569790017821, -0.09380745142109874, 0.08432387796741755, -0.03331699969032285, 0.005972180208601073, -0.00040069418481761114, 0.18521325013211196, -1.6620925419298587, 1.431741583753542, -0.5352615445921756, 0.09039383284933805, -0.005571656492394918], [-0.0015749628187373271, 0.03205795045877256, -0.03391049436281504, 0.01561104265367045, -0.0032503792699816493, 0.0002540527085541011, -0.06720558106782756, 0.49200653574608233, -0.5352615445921756, 0.24795956700288752, -0.0519321929172891, 0.004055862783956412], [0.00033686134831473896, -0.004981336796030224, 0.006383865013724949, -0.0033703754080414254, 0.0007844261965683523, -6.737192188768944e-05, 0.00974590312429121, -0.05925652886459628, 0.09039383284933805, -0.0519321929172891, 0.01274966653827584, -0.0011316002432468339], [-4.166229126678633e-05, 0.00028403321903708626, -0.00045595505200140564, 0.00027143550636902114, -6.851053552401959e-05, 6.250534094694587e-06, -0.0005985548259413165, 0.001723649623718372, -0.005571656492394918, 0.004055862783956412, -0.0011316002432468339, 0.00010923673918124399]], [[39.948350307122055, -0.38643917119406995, 0.1662252136447937, -0.04377164774084653, -0.014272272427321086, 0.007855203011366638, -0.0009554400940492821, 1.8970013427697345, 0.03292456075935685, -0.0006232881234423948, -6.498809813626494e-07, -0.0011471837935130014, 0.0004802817714367298, -5.9651386673211755e-05], [-0.38643917119406995, 2.9385896833477645, -1.987199969722287, 0.4919648593643902, 0.018992972221998534, -0.025535508112681893, 0.0028047730609305223, -0.01759101892171009, 0.12112560293620966, -0.07433830715067069, 0.01924657870439231, -0.0007661338250894746, -0.00041323936659951163, 4.699537099947632e-05], [0.1662252136447937, -1.987199969722287, 1.6940433282848395, -0.5063027005387927, 0.0002778570288359391, 0.024508119283370728, -0.003059661891046342, 0.0005520472051648143, -0.07331460119564293, 0.05721823434265927, -0.017753737865885577, 0.0013247355855258887, 0.0003407371095729895, -5.171996132227075e-05], [-0.04377164774084653, 0.4919648593643902, -0.5063027005387927, 0.17831943710521397, -0.005827249342352857, -0.008147974749020185, 0.0011385273988393986, -0.0006121405067541839, 0.01201480693553994, -0.012381410425503642, 0.004878186842680099, -0.0006410080860370229, -4.3463726146456164e-05, 1.2722856316708388e-05], [-0.014272272427321086, 0.018992972221998534, 0.0002778570288359391, -0.005827249342352857, 0.0013559793046830678, 0.00015548960293940145, -4.8787990502440416e-05, -0.0015347850929933024, 0.0035393201771276393, -0.002498134838429535, 0.0005827645826767117, 5.0786943711500036e-05, -3.8413601818574006e-05, 3.948683555806965e-06], [0.007855203011366638, -0.025535508112681893, 0.024508119283370728, -0.008147974749020185, 0.00015548960293940145, 0.0003859859646070871, -5.1360889448841635e-05, 0.0008001469608392476, -0.0014492966293941818, 0.0013475246145981511, -0.00046399981390751136, 2.9710984008271958e-05, 1.4138634588287577e-05, -2.127712534910821e-06], [-0.0009554400940492821, 0.0028047730609305223, -0.003059661891046342, 0.0011385273988393986, -4.8787990502440416e-05, -5.1360889448841635e-05, 7.454968068629237e-06, -0.00010660943844666094, 0.0001365959629983822, -0.00014330239169122296, 5.513388004546187e-05, -5.089569688117494e-06, -1.3897443166360184e-06, 2.4359279621953474e-07], [1.8970013427697345, -0.01759101892171009, 0.0005520472051648143, -0.0006121405067541839, -0.0015347850929933024, 0.0008001469608392476, -0.00010660943844666094, 30.24596055849658, -0.40528325672483545, 0.1716654079735429, -0.041765000917434694, -0.013453961374194565, 0.00710830920273084, -0.0008266517374077572], [0.03292456075935685, 0.12112560293620966, -0.07331460119564293, 0.01201480693553994, 0.0035393201771276393, -0.0014492966293941818, 0.0001365959629983822, -0.40528325672483545, 2.5798438819719403, -1.7504252047370286, 0.4349021465815969, 0.01806684517791888, -0.02324037520409374, 0.0025606489107577127], [-0.0006232881234423948, -0.07433830715067069, 0.05721823434265927, -0.012381410425503642, -0.002498134838429535, 0.0013475246145981511, -0.00014330239169122296, 0.1716654079735429, -1.7504252047370286, 1.4954048777818083, -0.4469311377024988, -0.000740589765616249, 0.02201751874997199, -0.002741125868486848], [-6.498809813626494e-07, 0.01924657870439231, -0.017753737865885577, 0.004878186842680099, 0.0005827645826767117, -0.00046399981390751136, 5.513388004546187e-05, -0.041765000917434694, 0.4349021465815969, -0.4469311377024988, 0.1574691622049775, -0.005022123474060362, -0.007235971609246476, 0.0010088321164396427], [-0.0011471837935130014, -0.0007661338250894746, 0.0013247355855258887, -0.0006410080860370229, 5.0786943711500036e-05, 2.9710984008271958e-05, -5.089569688117494e-06, -0.013453961374194565, 0.01806684517791888, -0.000740589765616249, -0.005022123474060362, 0.0012806314119818895, 0.00010784228488789286, -4.038239178077426e-05], [0.0004802817714367298, -0.00041323936659951163, 0.0003407371095729895, -4.3463726146456164e-05, -3.8413601818574006e-05, 1.4138634588287577e-05, -1.3897443166360184e-06, 0.00710830920273084, -0.02324037520409374, 0.02201751874997199, -0.007235971609246476, 0.00010784228488789286, 0.0003491427197006609, -4.590241515821698e-05], [-5.9651386673211755e-05, 4.699537099947632e-05, -5.171996132227075e-05, 1.2722856316708388e-05, 3.948683555806965e-06, -2.127712534910821e-06, 2.4359279621953474e-07, -0.0008266517374077572, 0.0025606489107577127, -0.002741125868486848, 0.0010088321164396427, -4.038239178077426e-05, -4.590241515821698e-05, 6.594036549492362e-06]], [[39.69434703507872, -0.27772154814105066, 0.11841950070076077, -0.02435465099624604, -0.015969835149916685, 0.002929124487536088, 0.001221189557367292, -0.0002596550061530084, 1.813547072616881, 0.05126257467687709, -0.0030993876578074785, -0.005180250909214979, 0.002808016703730641, -0.0005960424788325046, 4.381718589642364e-05, -2.633316994844741e-07], [-0.27772154814105066, 2.863207734565204, -1.8738745479444876, 0.41048312312926477, 0.029944781036441298, -0.013106461384909014, -0.0022915952735156355, 0.0005528433873125328, -0.027702613394491503, 0.12373041840484121, -0.08147278484261103, 0.02494241152081506, -0.002519905667363073, -0.0003766525123304957, 0.00012065851582350177, -9.970228538355464e-06], [0.11841950070076077, -1.8738745479444876, 1.5362519554278729, -0.42346388880964986, -0.003951551133528806, 0.012687241210540075, 0.0009461212399620701, -0.00039470445683546156, 0.00017906922767925277, -0.06701809445327665, 0.05012608638468886, -0.01679008216188479, 0.0020587622666130333, 0.0002109351099480812, -9.14342374876156e-05, 8.416744286933882e-06], [-0.02435465099624604, 0.41048312312926477, -0.42346388880964986, 0.1565787104457129, -0.011998334535801443, -0.003990094719324977, 0.00043409760477534497, 3.617041087856757e-05, -0.0006941883578382932, 0.0011658170816979993, -0.0006166271632721871, 0.0009418337082808415, -0.000491169024079363, 4.763869782921324e-05, 2.209879724068865e-05, -3.983961462262801e-06], [-0.015969835149916685, 0.029944781036441298, -0.003951551133528806, -0.011998334535801443, 0.005166962306084399, 1.3847858929474124e-05, -0.0002975162030853981, 3.724496250944755e-05, 0.00041315299552239945, 0.0064073967887461935, -0.0057078943829025845, 0.0018019141758865063, -7.250193795343157e-05, -5.25847292864331e-05, 3.1744329478147883e-06, 6.916585304997912e-07], [0.002929124487536088, -0.013106461384909014, 0.012687241210540075, -0.003990094719324977, 1.3847858929474124e-05, 0.00012800996785569118, 8.440510103798445e-06, -4.147214282416463e-06, -0.00043855481918165753, -0.0003316307618088209, 0.0003627139172857759, -0.00015259012002938712, 2.1546012231743904e-05, 2.4347018474980335e-06, -9.93820192976233e-07, 7.698938421055858e-08], [0.001221189557367292, -0.0022915952735156355, 0.0009461212399620701, 0.00043409760477534497, -0.0002975162030853981, 8.440510103798445e-06, 1.795296869018739e-05, -2.492661505280365e-06, 0.0001698607347590183, -0.00045231481036500453, 0.0003983485686742549, -0.00012898991034718325, 6.209331196929498e-06, 3.671635729315062e-06, -2.626231276685595e-07, -4.445109313537297e-08], [-0.0002596550061530084, 0.0005528433873125328, -0.00039470445683546156, 3.617041087856757e-05, 3.724496250944755e-05, -4.147214282416463e-06, -2.492661505280365e-06, 4.217299021736302e-07, -2.2068286597687307e-05, 6.696197630599667e-05, -6.10082290208078e-05, 2.0770394226568778e-05, -1.3413292586881391e-06, -5.540801118045861e-07, 5.8371200252916234e-08, 4.420930464028257e-09], [1.813547072616881, -0.027702613394491503, 0.00017906922767925277, -0.0006941883578382932, 0.00041315299552239945, -0.00043855481918165753, 0.0001698607347590183, -2.2068286597687307e-05, 30.28647515582219, -0.3225505946653688, 0.1358689811252698, -0.02563577271493306, -0.014460691482501703, 0.0026894084708608645, 0.0010292921024839055, -0.00021719885590324207], [0.05126257467687709, 0.12373041840484121, -0.06701809445327665, 0.0011658170816979993, 0.0064073967887461935, -0.0003316307618088209, -0.00045231481036500453, 6.696197630599667e-05, -0.3225505946653688, 2.5829616327837805, -1.717825024412645, 0.3864175931959668, 0.02511781828730662, -0.012268491206562414, -0.001989153069469047, 0.0005006386137065454], [-0.0030993876578074785, -0.08147278484261103, 0.05012608638468886, -0.0006166271632721871, -0.0057078943829025845, 0.0003627139172857759, 0.0003983485686742549, -6.10082290208078e-05, 0.1358689811252698, -1.717825024412645, 1.4207359673618962, -0.3946633123636905, -0.0029542364714841255, 0.01174432900879889, 0.0008664765593235686, -0.0003662076158212712], [-0.005180250909214979, 0.02494241152081506, -0.01679008216188479, 0.0009418337082808415, 0.0018019141758865063, -0.00015259012002938712, -0.00012898991034718325, 2.0770394226568778e-05, -0.02563577271493306, 0.3864175931959668, -0.3946633123636905, 0.14359407786335532, -0.010264482800775908, -0.003674205486567825, 0.0003375155789892717, 4.2001707211006804e-05], [0.002808016703730641, -0.002519905667363073, 0.0020587622666130333, -0.000491169024079363, -7.250193795343157e-05, 2.1546012231743904e-05, 6.209331196929498e-06, -1.3413292586881391e-06, -0.014460691482501703, 0.02511781828730662, -0.0029542364714841255, -0.010264482800775908, 0.004337822121331645, 1.555080157754228e-05, -0.0002462423114949872, 3.0501181588382675e-05], [-0.0005960424788325046, -0.0003766525123304957, 0.0002109351099480812, 4.763869782921324e-05, -5.25847292864331e-05, 2.4347018474980335e-06, 3.671635729315062e-06, -5.540801118045861e-07, 0.0026894084708608645, -0.012268491206562414, 0.01174432900879889, -0.003674205486567825, 1.555080157754228e-05, 0.00011583717204942491, 7.74753043628519e-06, -3.7595663632973632e-06], [4.381718589642364e-05, 0.00012065851582350177, -9.14342374876156e-05, 2.209879724068865e-05, 3.1744329478147883e-06, -9.93820192976233e-07, -2.626231276685595e-07, 5.8371200252916234e-08, 0.0010292921024839055, -0.001989153069469047, 0.0008664765593235686, 0.0003375155789892717, -0.0002462423114949872, 7.74753043628519e-06, 1.4775408286144604e-05, -2.0613930818253168e-06], [-2.633316994844741e-07, -9.970228538355464e-06, 8.416744286933882e-06, -3.983961462262801e-06, 6.916585304997912e-07, 7.698938421055858e-08, -4.445109313537297e-08, 4.420930464028257e-09, -0.00021719885590324207, 0.0005006386137065454, -0.0003662076158212712, 4.2001707211006804e-05, 3.0501181588382675e-05, -3.7595663632973632e-06, -2.0613930818253168e-06, 3.5561800569184314e-07]]], "B_list": [{"B_d": [[0.3903423009546407], [0.0014001400990866755], [1.4489607220288808e-07]], "B_theta": [2.115397173999999e-10], "B_const": [0.2109246487921884]}, {"B_d": [[0.01476512307507867], [6.008559599072074e-07], [8.552451254033291e-06]], "B_theta": [8.829365917455396e-07], "B_const": [0.013030098614288433]}, {"B_d": [[0.005483657926293304], [1.392016454316211e-07], [4.538429500327492e-06]], "B_theta": [6.403387148911875e-07], "B_const": [0.004011273343252057]}, {"B_d": [[0.002792964572953091], [3.337038027231557e-07], [2.508138110965598e-06]], "B_theta": [3.479925231200281e-07], "B_const": [0.0019533046206079386]}, {"B_d": [[0.0013311468535202153], [1.2120342674146882e-05], [1.2379845637556693e-06]], "B_theta": [1.80870102066689e-07], "B_const": [0.0008888239625603143]}, {"B_d": [[0.0006022617373559236], [8.582185396765675e-06], [8.6203388801838e-07]], "B_theta": [9.603864933384308e-08], "B_const": [0.0004166272224445984]}, {"B_d": [[0.0004931882123274749], [1.9403921677920996e-05], [5.759680661507302e-07]], "B_theta": [9.417546020284124e-08], "B_const": [0.0004158597697628209]}, {"B_d": [[0.000294418394980849], [2.3031768431295178e-05], [4.791071433572069e-07]], "B_theta": [7.47804122851072e-08], "B_const": [0.00024915445075670986]}], "bic_scores": [98.58062718002026, 10.74348572052801, -2.61877371179407, 3.65053685745859, 17.95027031717541, 42.150620822726495, 88.9192918121926, 139.87159640223416], "best_bic": -2.61877371179407, "best_bic_A": [[40.57320502708848, -0.18770478682881117, -0.030091593330513047, 1.7159412279518376, 0.05815316976803014, -0.005714157280371962], [-0.18770478682881117, 0.3522397159916246, -0.03898648447514404, -0.029378751318163688, 0.010143641530327742, 0.00014175324718944247], [-0.030091593330513047, -0.03898648447514404, 0.006972980049860184, 0.0014016980373230045, -0.0023151214563285312, 0.00020593134779983707], [1.7159412279518376, -0.029378751318163688, 0.0014016980373230045, 30.62718938006842, -0.1788005510506937, -0.027155482793136537], [0.05815316976803014, 0.010143641530327742, -0.0023151214563285312, -0.1788005510506937, 0.32240736305713436, -0.03561674637524161], [-0.005714157280371962, 0.00014175324718944247, 0.00020593134779983707, -0.027155482793136537, -0.03561674637524161, 0.006408139326466854]], "best_bic_B": {"B_d": [[0.005483657926293304], [1.392016454316211e-07], [4.538429500327492e-06]], "B_theta": [6.403387148911875e-07], "B_const": [0.004011273343252057]}, "best_bic_deg": 3, "best_bic_deg_idx": 2, "aic_scores": [91.82510936356451, -1.923110185326511, -24.574206615275244, -30.9714919518771, -32.716113306242676, -27.937876523001847, -3.969078164073892, 20.80559488720165], "best_aic": -32.716113306242676, "best_aic_A": [[40.09229281257492, -0.5405190776971239, 0.17551359735300204, -0.0379668003560192, 0.0019446494161550244, 1.8626489885072381, 0.01822721015107653, 0.010481192190713307, -0.0034717120204924763, 0.0001760543659236542], [-0.5405190776971239, 2.9615825615991915, -1.8381998273294657, 0.48709322068918304, -0.045852091907126566, -0.017720344640625604, 0.12371790603408553, -0.07573657712453982, 0.02097038638207262, -0.00202693118085836], [0.17551359735300204, -1.8381998273294657, 1.3136965688675384, -0.37105961286859335, 0.03643103294494632, -0.00986802417856447, -0.07389110638466566, 0.05162902040820932, -0.014979892185681533, 0.0014979146456898236], [-0.0379668003560192, 0.48709322068918304, -0.37105961286859335, 0.1096037528255288, -0.01111265499076808, 0.004348524568025671, 0.01868080793873233, -0.014032887053193237, 0.004223420752448183, -0.0004332840688295784], [0.0019446494161550244, -0.045852091907126566, 0.03643103294494632, -0.01111265499076808, 0.001154335434924612, -0.0005663069140488737, -0.0016469703784711888, 0.0013225142390110953, -0.0004145548796455206, 4.3755874271209075e-05], [1.8626489885072381, -0.017720344640625604, -0.00986802417856447, 0.004348524568025671, -0.0005663069140488737, 30.534657671672104, -0.5309326953448219, 0.1950034264373368, -0.04803157837452133, 0.0033147717849464895], [0.01822721015107653, 0.12371790603408553, -0.07389110638466566, 0.01868080793873233, -0.0016469703784711888, -0.5309326953448219, 2.5731390231610356, -1.606163829448017, 0.4272166646084628, -0.04040847546649525], [0.010481192190713307, -0.07573657712453982, 0.05162902040820932, -0.014032887053193237, 0.0013225142390110953, 0.1950034264373368, -1.606163829448017, 1.1544157805106854, -0.3266785500275198, 0.032142260969248944], [-0.0034717120204924763, 0.02097038638207262, -0.014979892185681533, 0.004223420752448183, -0.0004145548796455206, -0.04803157837452133, 0.4272166646084628, -0.3266785500275198, 0.096602099964951, -0.009805138229266059], [0.0001760543659236542, -0.00202693118085836, 0.0014979146456898236, -0.0004332840688295784, 4.3755874271209075e-05, 0.0033147717849464895, -0.04040847546649525, 0.032142260969248944, -0.009805138229266059, 0.001018488309286738]], "best_aic_B": {"B_d": [[0.0013311468535202153], [1.2120342674146882e-05], [1.2379845637556693e-06]], "B_theta": [1.80870102066689e-07], "B_const": [0.0008888239625603143]}, "best_aic_deg": 5, "best_aic_deg_idx": 4, "lr": 0.01, "optimizer": null, "epochs": 150, "best_epochs": [139, 125, 116, 142, 144, 149, 149, 149], "batch_size": 1024}