{"degree": [1, 2, 3, 4, 5, 6, 7, 8], "losses": [2.0432430274137325, -34.89992286635419, -55.10813431626015, -69.78761774509088, -76.9619492846615, -80.01846206059857, -81.1739235048247, -81.4543522882003], "A_list": [[[42.477391702753486, 1.787145167525287], [1.787145167525287, 31.96563176865066]], [[43.06110501456154, -0.1973093451479014, 2.1049665297523483, 0.01980695773014804], [-0.1973093451479014, 0.22794524334067412, -0.043454956323868255, 0.0025635095620352706], [2.1049665297523483, -0.043454956323868255, 32.71448929890723, -0.18331469830473654], [0.01980695773014804, 0.0025635095620352706, -0.18331469830473654, 0.2065283751982781]], [[41.91875188065425, 0.05892830283138881, -0.10455566781876814, 2.14874524220952, 0.05796021195114955, -0.003163311784227786], [0.05892830283138881, 1.1683180771014623, -0.3342419535018922, -0.016501649419522296, 0.057125479587315564, -0.012806852771821252], [-0.10455566781876814, -0.3342419535018922, 0.11885327326648534, 0.01466062972213804, -0.015298468340426703, 0.0038681451213460976], [2.14874524220952, -0.016501649419522296, 0.01466062972213804, 32.15140096392146, -0.0775621378777617, -0.08869373943440792], [0.05796021195114955, 0.057125479587315564, -0.015298468340426703, -0.0775621378777617, 0.9958513698810586, -0.28702397193646645], [-0.003163311784227786, -0.012806852771821252, 0.0038681451213460976, -0.08869373943440792, -0.28702397193646645, 0.10377612824409532]], [[41.78671062339909, -0.38521079240691786, 0.28503798226614424, -0.09199287911497182, 2.0539609692215888, 0.04936282470749983, 0.012324314777930985, -0.006102396678054961], [-0.38521079240691786, 3.2159081593482517, -2.2528461850420296, 0.5066890419890547, -0.031077409848544065, 0.14399025791036218, -0.09426643152973256, 0.02316826919896532], [0.28503798226614424, -2.2528461850420296, 1.9113845194328927, -0.47399625518363747, -0.02556452144337286, -0.09971462105526784, 0.08502595272133903, -0.022412078200650304], [-0.09199287911497182, 0.5066890419890547, -0.47399625518363747, 0.12544237232628683, -0.0009918161799483227, 0.022681679958620443, -0.02227399719316804, 0.006186770110785805], [2.0539609692215888, -0.031077409848544065, -0.02556452144337286, -0.0009918161799483227, 32.30833797626327, -0.38175737364026513, 0.23876354123097202, -0.08684048330209429], [0.04936282470749983, 0.14399025791036218, -0.09971462105526784, 0.022681679958620443, -0.38175737364026513, 2.6845232789349422, -1.8483660489084286, 0.41323645995442637], [0.012324314777930985, -0.09426643152973256, 0.08502595272133903, -0.02227399719316804, 0.23876354123097202, -1.8483660489084286, 1.5801540439515436, -0.39406050080246213], [-0.006102396678054961, 0.02316826919896532, -0.022412078200650304, 0.006186770110785805, -0.08684048330209429, 0.41323645995442637, -0.39406050080246213, 0.10540047254559093]], [[40.97030703284923, 0.7603513188519335, -1.3367577292348767, 0.9063150706579806, -0.22188026919674916, 2.010510234346691, 0.05083276279882498, -0.08841844722160183, 0.06795564274105705, -0.017007549145708255], [0.7603513188519335, 4.9768001098485275, -5.614542364817607, 2.6713773641229377, -0.4542960627355788, -0.00508736777648411, 0.1983847391846144, -0.224971973101759, 0.10851210168003356, -0.01920726840246124], [-1.3367577292348767, -5.614542364817607, 8.194133370113406, -4.513028486288529, 0.8539113365516381, -0.06982270455909612, -0.22509101039454912, 0.3133634293350942, -0.17710195506184076, 0.034983749435452176], [0.9063150706579806, 2.6713773641229377, -4.513028486288529, 2.726541916639236, -0.5515931966631504, 0.04944643635981726, 0.10242496511295998, -0.17280155183119664, 0.1066357882308296, -0.022301035695288234], [-0.22188026919674916, -0.4542960627355788, 0.8539113365516381, -0.5515931966631504, 0.11715891764075866, -0.014342206192836531, -0.016437128037009082, 0.032557316337873496, -0.02169451282519913, 0.0048530429740439585], [2.010510234346691, -0.00508736777648411, -0.06982270455909612, 0.04944643635981726, -0.014342206192836531, 31.31259758759282, 0.5288198358473055, -1.0148582685498204, 0.6817236216800029, -0.1734020479638666], [0.05083276279882498, 0.1983847391846144, -0.22509101039454912, 0.10242496511295998, -0.016437128037009082, 0.5288198358473055, 4.048396533314577, -4.592430427259851, 2.1882370208189452, -0.3733591889944987], [-0.08841844722160183, -0.224971973101759, 0.3133634293350942, -0.17280155183119664, 0.032557316337873496, -1.0148582685498204, -4.592430427259851, 6.783868965644532, -3.7532806022182643, 0.7121536560264452], [0.06795564274105705, 0.10851210168003356, -0.17710195506184076, 0.1066357882308296, -0.02169451282519913, 0.6817236216800029, 2.1882370208189452, -3.7532806022182643, 2.2783671830094954, -0.46197369485937256], [-0.017007549145708255, -0.01920726840246124, 0.034983749435452176, -0.022301035695288234, 0.0048530429740439585, -0.1734020479638666, -0.3733591889944987, 0.7121536560264452, -0.46197369485937256, 0.09838200061333262]], [[41.754295654215554, 0.8829059881430232, -1.231546928460179, 0.6162215634227112, -0.04748420936716055, -0.03258561883671955, 2.06246351611042, 0.08427288851702973, -0.08627349971161324, 0.07442137241824073, -0.025000430782488703, 0.0031662117057424666], [0.8829059881430232, 3.8841185774915337, -4.217930021436743, 1.876543428101076, -0.23056872202916415, -0.028728550136671745, -0.0025764176053538488, 0.16827693639640295, -0.19494629347850154, 0.09647497940540128, -0.01928325862960828, 0.0005142111105318689], [-1.231546928460179, -4.217930021436743, 7.387457326887294, -5.259114642758111, 1.6340089293889384, -0.1777324899594773, -0.03184589234069846, -0.1893306211451439, 0.34132464124742967, -0.2619747475707334, 0.09564055931021599, -0.012752636610545928], [0.6162215634227112, 1.876543428101076, -5.259114642758111, 5.231726041354245, -2.22510415265916, 0.34432522761741974, 0.015769537461642166, 0.09408844993908773, -0.2686644162963958, 0.2772827746967621, -0.12687755999574232, 0.02077354088091072], [-0.04748420936716055, -0.23056872202916415, 1.6340089293889384, -2.22510415265916, 1.1541687946601709, -0.20781946568435028, 0.0025260250535122345, -0.016360690635008352, 0.09326617613127186, -0.12285458259018744, 0.06489586254526697, -0.011803651311110133], [-0.03258561883671955, -0.028728550136671745, -0.1777324899594773, 0.34432522761741974, -0.20781946568435028, 0.04114548132306392, -0.0016309676753640831, -9.294156540727913e-05, -0.011989018409089627, 0.020042955085416023, -0.011807196875402534, 0.002297579602879352], [2.06246351611042, -0.0025764176053538488, -0.03184589234069846, 0.015769537461642166, 0.0025260250535122345, -0.0016309676753640831, 31.79033917964858, 0.5714749399272906, -0.890716329804143, 0.42277555029440084, -0.015838178300932038, -0.028738546047330338], [0.08427288851702973, 0.16827693639640295, -0.1893306211451439, 0.09408844993908773, -0.016360690635008352, -9.294156540727913e-05, 0.5714749399272906, 3.0515438765946286, -3.251787266825091, 1.363611946738521, -0.11770255037769009, -0.03525153285869237], [-0.08627349971161324, -0.19494629347850154, 0.34132464124742967, -0.2686644162963958, 0.09326617613127186, -0.011989018409089627, -0.890716329804143, -3.251787266825091, 5.692647242579145, -3.935626043066351, 1.1586693664771976, -0.11271846658337697], [0.07442137241824073, 0.09647497940540128, -0.2619747475707334, 0.2772827746967621, -0.12285458259018744, 0.020042955085416023, 0.42277555029440084, 1.363611946738521, -3.935626043066351, 3.896808659231283, -1.6391288820856644, 0.24880074575192318], [-0.025000430782488703, -0.01928325862960828, 0.09564055931021599, -0.12687755999574232, 0.06489586254526697, -0.011807196875402534, -0.015838178300932038, -0.11770255037769009, 1.1586693664771976, -1.6391288820856644, 0.8619720934918901, -0.15540228444965762], [0.0031662117057424666, 0.0005142111105318689, -0.012752636610545928, 0.02077354088091072, -0.011803651311110133, 0.002297579602879352, -0.028738546047330338, -0.03525153285869237, -0.11271846658337697, 0.24880074575192318, -0.15540228444965762, 0.031110737835816756]], [[41.13968120597453, 0.8755125364302121, -1.1250816598349234, 0.4515671975009134, 0.0674880715159813, -0.08764602997419503, 0.010703967787712614, 1.8721604532892437, 0.05491574692206891, -0.032846999960365775, 0.020461134101750655, -0.010260100888595858, 0.00522511958154611, -0.0011040370747795807], [0.8755125364302121, 4.270327831574168, -5.0510918269374345, 2.2251579773094203, 0.2062446348916953, -0.4343393937840358, 0.09044042014387003, -0.0216814218100876, 0.160072268282826, -0.21380508096511286, 0.09388113363494863, 0.018455654284512638, -0.027345960152537117, 0.005980722844721788], [-1.1250816598349234, -5.0510918269374345, 9.072812208798478, -5.516249159275938, 0.064979445004482, 1.0187666977111614, -0.2543164995354148, -0.056029952824354905, -0.23424510257979048, 0.4495899026982066, -0.2782109647812281, -0.0021830716702208874, 0.05960708188140408, -0.01548008950731924], [0.4515671975009134, 2.2251579773094203, -5.516249159275938, 4.147771700995344, -0.3119739120567341, -0.7516623925481852, 0.211334635198101, 0.04488742692312416, 0.11431621565885319, -0.28929886388993864, 0.21483328066898247, -0.016893266411229096, -0.040231568706001516, 0.011788216323112105], [0.0674880715159813, 0.2062446348916953, 0.064979445004482, -0.3119739120567341, 0.11029734208313478, 0.04883032342908329, -0.022364245758159134, -0.019986651942918102, 0.009259337208481197, -0.007154739187448994, -0.005633798881445209, 0.008021488729951249, -0.0015083183546044173, -0.0002747972472562912], [-0.08764602997419503, -0.4343393937840358, 1.0187666977111614, -0.7516623925481852, 0.04883032342908329, 0.13899243799319635, -0.03826990208347387, 0.004656291031088916, -0.024489058415212595, 0.0677975662816501, -0.050579080118959785, 0.0022809722086512343, 0.010209529066337774, -0.002783429520130509], [0.010703967787712614, 0.09044042014387003, -0.2543164995354148, 0.211334635198101, -0.022364245758159134, -0.03826990208347387, 0.011416716944671067, -0.0006189092734095532, 0.005641604094367286, -0.017427685412991993, 0.013948696036029148, -0.001286306228772286, -0.0025769839556258893, 0.0007556126129387664], [1.8721604532892437, -0.0216814218100876, -0.056029952824354905, 0.04488742692312416, -0.019986651942918102, 0.004656291031088916, -0.0006189092734095532, 31.637626846243798, 0.6430683793608409, -0.9804933327552889, 0.4665767232913649, 0.02628643297111996, -0.07569194300215526, 0.011036117516221211], [0.05491574692206891, 0.160072268282826, -0.23424510257979048, 0.11431621565885319, 0.009259337208481197, -0.024489058415212595, 0.005641604094367286, 0.6430683793608409, 3.3922971202341, -4.041463216335203, 1.7588698709208836, 0.2059578080171806, -0.3689270214025314, 0.07580030204116124], [-0.032846999960365775, -0.21380508096511286, 0.4495899026982066, -0.28929886388993864, -0.007154739187448994, 0.0677975662816501, -0.017427685412991993, -0.9804933327552889, -4.041463216335203, 7.46027200804009, -4.540468757716267, 0.023448277511317783, 0.8572238209657246, -0.2123758018219491], [0.020461134101750655, 0.09388113363494863, -0.2782109647812281, 0.21483328066898247, -0.005633798881445209, -0.050579080118959785, 0.013948696036029148, 0.4665767232913649, 1.7588698709208836, -4.540468757716267, 3.4344170603485384, -0.2535165667724542, -0.6254222282896063, 0.17534251627132283], [-0.010260100888595858, 0.018455654284512638, -0.0021830716702208874, -0.016893266411229096, 0.008021488729951249, 0.0022809722086512343, -0.001286306228772286, 0.02628643297111996, 0.2059578080171806, 0.023448277511317783, -0.2535165667724542, 0.09854880129514373, 0.03641274736439193, -0.017972395565043545], [0.00522511958154611, -0.027345960152537117, 0.05960708188140408, -0.040231568706001516, -0.0015083183546044173, 0.010209529066337774, -0.0025769839556258893, -0.07569194300215526, -0.3689270214025314, 0.8572238209657246, -0.6254222282896063, 0.03641274736439193, 0.11724684443023087, -0.03193646158468881], [-0.0011040370747795807, 0.005980722844721788, -0.01548008950731924, 0.011788216323112105, -0.0002747972472562912, -0.002783429520130509, 0.0007556126129387664, 0.011036117516221211, 0.07580030204116124, -0.2123758018219491, 0.17534251627132283, -0.017972395565043545, -0.03193646158468881, 0.00947538123065586]], [[41.74753159741225, 0.8281931900888732, -1.1881984549979039, 0.4391281958851535, 0.10756221989171517, -0.05146273840208145, -0.03601522720585431, 0.011790241686334932, 1.936935791015029, 0.062916190434067, -0.055802879741691125, 1.3500136773564985e-06, 0.0418314076880115, -0.01760867378520816, -0.0019098817356413944, 0.001363025228277077], [0.8281931900888732, 3.8889968471328493, -4.152028522151966, 1.1330286412486825, 0.6512236328208136, -0.1880549036309533, -0.16803056716096484, 0.05814020334907889, -0.03262628492433023, 0.14700566188671682, -0.12632655204196513, 0.03586313360056281, 0.014263945840430444, 0.0003516890718239419, -0.008145117977674608, 0.0022310695173116475], [-1.1881984549979039, -4.152028522151966, 6.891849631128277, -3.108691459398511, -0.7397575361699951, 0.4649264212155763, 0.2435415221450413, -0.10544100750624513, -0.01839176777785687, -0.17087331425085547, 0.2526144696920933, -0.13461537887215597, -0.008224408783486634, 0.010871940141995695, 0.009690453770809106, -0.0037283935005497115], [0.4391281958851535, 1.1330286412486825, -3.108691459398511, 2.051521808256519, 0.1050173283406113, -0.29538829280881457, -0.08129273003122818, 0.05170759057369273, 0.0319932420401376, 0.04732701579234329, -0.12722976716062448, 0.10397274442255369, -0.009693216266818886, -0.012048820250018664, -0.0007340034135200142, 0.0014085564374604336], [0.10756221989171517, 0.6512236328208136, -0.7397575361699951, 0.1050173283406113, 0.19062805328862234, -0.023604050259379793, -0.04546543562947027, 0.012351180219289845, -0.004693558348171463, 0.0389081099267638, -0.034805576461538604, 0.002651548052148127, 0.008937449288416032, 0.000593687454835674, -0.0033428736560400297, 0.0008428243109545762], [-0.05146273840208145, -0.1880549036309533, 0.4649264212155763, -0.29538829280881457, -0.023604050259379793, 0.04380198144640554, 0.014104453542957862, -0.008172683129834813, -0.00995231147187282, -0.013830443049351283, 0.02695177334789653, -0.018842177792801965, 0.00047016857188287567, 0.002344692915070904, 0.0004848946170490408, -0.0003702580119517687], [-0.03601522720585431, -0.16803056716096484, 0.2435415221450413, -0.08129273003122818, -0.04546543562947027, 0.014104453542957862, 0.012801440505487467, -0.0043894088345943424, 0.0075592190243454, -0.009227508380096039, 0.009201582780191672, -0.002075119810124744, -0.0017950981611440096, 5.544771902183362e-05, 0.0007298088005714744, -0.00020128262401183038], [0.011790241686334932, 0.05814020334907889, -0.10544100750624513, 0.05170759057369273, 0.012351180219289845, -0.008172683129834813, -0.0043894088345943424, 0.0019061644558883322, -0.0015417705318342555, 0.0036443467308302033, -0.004894303993193352, 0.0024689257558214582, 0.0003219570376345939, -0.00026475122616193713, -0.000203355111371211, 8.170582527107326e-05], [1.936935791015029, -0.03262628492433023, -0.01839176777785687, 0.0319932420401376, -0.004693558348171463, -0.00995231147187282, 0.0075592190243454, -0.0015417705318342555, 31.727863383710805, 0.6774384710365203, -1.0297871659573539, 0.44140990850249534, 0.06004439903628438, -0.043468669646130643, -0.027225229572170457, 0.009446300099033505], [0.062916190434067, 0.14700566188671682, -0.17087331425085547, 0.04732701579234329, 0.0389081099267638, -0.013830443049351283, -0.009227508380096039, 0.0036443467308302033, 0.6774384710365203, 3.110445767675602, -3.30850570739563, 0.8795746176445681, 0.5322492211534259, -0.145816431262005, -0.13772662804784291, 0.04706328900808616], [-0.055802879741691125, -0.12632655204196513, 0.2526144696920933, -0.12722976716062448, -0.034805576461538604, 0.02695177334789653, 0.009201582780191672, -0.004894303993193352, -1.0297871659573539, -3.30850570739563, 5.526349023421467, -2.448745441971303, -0.6294913003399158, 0.36221920699309806, 0.20711855461536818, -0.08667808183906962], [1.3500136773564985e-06, 0.03586313360056281, -0.13461537887215597, 0.10397274442255369, 0.002651548052148127, -0.018842177792801965, -0.002075119810124744, 0.0024689257558214582, 0.44140990850249534, 0.8795746176445681, -2.448745441971303, 1.6061285223464856, 0.10279256880080716, -0.22899071912176414, -0.07198152696356806, 0.04262624045053371], [0.0418314076880115, 0.014263945840430444, -0.008224408783486634, -0.009693216266818886, 0.008937449288416032, 0.00047016857188287567, -0.0017950981611440096, 0.0003219570376345939, 0.06004439903628438, 0.5322492211534259, -0.6294913003399158, 0.10279256880080716, 0.15653981990114593, -0.021697452567698037, -0.03776688757289839, 0.010484707680076503], [-0.01760867378520816, 0.0003516890718239419, 0.010871940141995695, -0.012048820250018664, 0.000593687454835674, 0.002344692915070904, 5.544771902183362e-05, -0.00026475122616193713, -0.043468669646130643, -0.145816431262005, 0.36221920699309806, -0.22899071912176414, -0.021697452567698037, 0.03392959636222535, 0.012245667188887685, -0.006706638353915062], [-0.0019098817356413944, -0.008145117977674608, 0.009690453770809106, -0.0007340034135200142, -0.0033428736560400297, 0.0004848946170490408, 0.0007298088005714744, -0.000203355111371211, -0.027225229572170457, -0.13772662804784291, 0.20711855461536818, -0.07198152696356806, -0.03776688757289839, 0.012245667188887685, 0.010838174408585968, -0.00376380039844952], [0.001363025228277077, 0.0022310695173116475, -0.0037283935005497115, 0.0014085564374604336, 0.0008428243109545762, -0.0003702580119517687, -0.00020128262401183038, 8.170582527107326e-05, 0.009446300099033505, 0.04706328900808616, -0.08667808183906962, 0.04262624045053371, 0.010484707680076503, -0.006706638353915062, -0.00376380039844952, 0.0016127201646776927]]], "B_list": [{"B_d": [[0.029013260728032873], [5.222903785198376e-06], [7.875877313712985e-06]], "B_theta": [4.541679593342269e-08], "B_const": [0.023690525037136936]}, {"B_d": [[0.0031745735206622997], [2.6247778738519165e-06], [2.3313809623679266e-06]], "B_theta": [2.447194962546448e-07], "B_const": [0.002005301560669748]}, {"B_d": [[0.0006663541349804586], [1.5643084386162835e-05], [5.008133604892009e-07]], "B_theta": [6.520084261618841e-08], "B_const": [0.0004508085645656433]}, {"B_d": [[7.524316172773788e-05], [1.6466751213850143e-05], [8.253955400326512e-08]], "B_theta": [2.6141234795929012e-08], "B_const": [0.0001349373455698676]}, {"B_d": [[5.517411027142356e-06], [1.2642838817210067e-05], [2.416157361608775e-08]], "B_theta": [1.3193470925699573e-08], "B_const": [6.821559275727998e-05]}, {"B_d": [[7.662477514154571e-07], [9.695949025121399e-06], [3.655648021068787e-08]], "B_theta": [1.0547938040074495e-08], "B_const": [4.266276656898131e-05]}, {"B_d": [[8.270798783650443e-07], [8.458582371895844e-06], [2.4543512413998673e-08]], "B_theta": [9.195833731538425e-09], "B_const": [4.132085235498888e-05]}, {"B_d": [[9.06224946026363e-07], [8.537009420704239e-06], [2.0753002962476148e-08]], "B_theta": [9.315415212744568e-09], "B_const": [4.103559181218715e-05]}], "bic_scores": [14.026172121629696, -12.431930814699257, -16.163614760058266, -8.37510613723407, 12.910018921958226, 44.304427291892054, 83.59135154064481, 129.74477299735605], "best_bic": -16.163614760058266, "best_bic_A": [[41.91875188065425, 0.05892830283138881, -0.10455566781876814, 2.14874524220952, 0.05796021195114955, -0.003163311784227786], [0.05892830283138881, 1.1683180771014623, -0.3342419535018922, -0.016501649419522296, 0.057125479587315564, -0.012806852771821252], [-0.10455566781876814, -0.3342419535018922, 0.11885327326648534, 0.01466062972213804, -0.015298468340426703, 0.0038681451213460976], [2.14874524220952, -0.016501649419522296, 0.01466062972213804, 32.15140096392146, -0.0775621378777617, -0.08869373943440792], [0.05796021195114955, 0.057125479587315564, -0.015298468340426703, -0.0775621378777617, 0.9958513698810586, -0.28702397193646645], [-0.003163311784227786, -0.012806852771821252, 0.0038681451213460976, -0.08869373943440792, -0.28702397193646645, 0.10377612824409532]], "best_bic_B": {"B_d": [[0.0006663541349804586], [1.5643084386162835e-05], [5.008133604892009e-07]], "B_theta": [6.520084261618841e-08], "B_const": [0.0004508085645656433]}, "best_bic_deg": 3, "best_bic_deg_idx": 2, "aic_scores": [10.043243027413732, -19.89992286635419, -29.10813431626015, -28.787617745090884, -16.9619492846615, 2.9815379394014343, 28.8260764951753, 59.5456477117997], "best_aic": -29.10813431626015, "best_aic_A": [[41.91875188065425, 0.05892830283138881, -0.10455566781876814, 2.14874524220952, 0.05796021195114955, -0.003163311784227786], [0.05892830283138881, 1.1683180771014623, -0.3342419535018922, -0.016501649419522296, 0.057125479587315564, -0.012806852771821252], [-0.10455566781876814, -0.3342419535018922, 0.11885327326648534, 0.01466062972213804, -0.015298468340426703, 0.0038681451213460976], [2.14874524220952, -0.016501649419522296, 0.01466062972213804, 32.15140096392146, -0.0775621378777617, -0.08869373943440792], [0.05796021195114955, 0.057125479587315564, -0.015298468340426703, -0.0775621378777617, 0.9958513698810586, -0.28702397193646645], [-0.003163311784227786, -0.012806852771821252, 0.0038681451213460976, -0.08869373943440792, -0.28702397193646645, 0.10377612824409532]], "best_aic_B": {"B_d": [[0.0006663541349804586], [1.5643084386162835e-05], [5.008133604892009e-07]], "B_theta": [6.520084261618841e-08], "B_const": [0.0004508085645656433]}, "best_aic_deg": 3, "best_aic_deg_idx": 2, "lr": 0.01, "optimizer": null, "epochs": 100, "best_epochs": [78, 99, 88, 67, 89, 99, 99, 99], "batch_size": 1024}