{"degree": [1, 2, 3, 4, 5, 6, 7, 8], "losses": [-14.11774125994582, -31.44327855665455, -39.064703200584496, -41.35177929778392, -42.25857529211968, -42.36572410905435, -42.601651354958925, -42.67690048167398], "A_list": [[[43.87142154413752, 2.423952961202904], [2.423952961202904, 33.534012520540735]], [[44.09482194705432, -0.46084592290774495, 1.7701127342948535, 0.09544392527041587], [-0.46084592290774495, 0.6225643426925038, 0.006216182687524571, 0.009425467827272525], [1.7701127342948535, 0.006216182687524571, 33.55517571631922, -0.2890464408420953], [0.09544392527041587, 0.009425467827272525, -0.2890464408420953, 0.5614780868800526]], [[42.87861589050681, 0.8620268615762927, -1.1270359292155339, 1.8823893070688882, 0.07889764888038298, 0.042185834444892295], [0.8620268615762927, 2.508047309211415, -1.3924352359907146, 0.01563004560722444, 0.10115518235257674, -0.03831382139554671], [-1.1270359292155339, -1.3924352359907146, 1.0631294757010008, -0.05097715214365898, -0.035839164543296095, 0.007526923223757324], [1.8823893070688882, 0.01563004560722444, -0.05097715214365898, 33.02605791714807, 0.6758402707071947, -0.7809039992575618], [0.07889764888038298, 0.10115518235257674, -0.035839164543296095, 0.6758402707071947, 2.022887444228257, -1.049720304708278], [0.042185834444892295, -0.03831382139554671, 0.007526923223757324, -0.7809039992575618, -1.049720304708278, 0.762933127310787]], [[43.03075495894993, 0.8535620975468383, -1.068540950562614, -0.04951123521131692, 1.5004522313333304, 0.13274845019468307, 0.06649781162752949, -0.05314017024745082], [0.8535620975468383, 4.047011296420762, -4.893517250492704, 1.908258865619493, 0.040710717873408464, 0.20116405391727984, -0.1825097774656533, 0.04831552310230192], [-1.068540950562614, -4.893517250492704, 8.879544722068966, -4.31842812978338, 0.09543874065189097, -0.2653418421486448, 0.35939953022947085, -0.16589755293704925], [-0.04951123521131692, 1.908258865619493, -4.31842812978338, 2.4118293409402134, -0.04692328169455642, 0.06038296623592087, -0.1416115085920948, 0.0922822920718766], [1.5004522313333304, 0.040710717873408464, 0.09543874065189097, -0.04692328169455642, 32.734453976028476, 0.6573052188692949, -0.7369976846900701, 0.009069529076500295], [0.13274845019468307, 0.20116405391727984, -0.2653418421486448, 0.06038296623592087, 0.6573052188692949, 3.1299771463457016, -3.6934540163000054, 1.4090888579031202], [0.06649781162752949, -0.1825097774656533, 0.35939953022947085, -0.1416115085920948, -0.7369976846900701, -3.6934540163000054, 6.840627861570183, -3.2960749707937524], [-0.05314017024745082, 0.04831552310230192, -0.16589755293704925, 0.0922822920718766, 0.009069529076500295, 1.4090888579031202, -3.2960749707937524, 1.7958776107688703]], [[43.494591272116985, 0.8679301761719266, -0.12534037265697437, -1.1360823312480532, 0.5428409444477652, 2.164520223300347, 0.07800829821909396, 0.007402071219888949, -0.0679991037541015, 0.01848045820320129], [0.8679301761719266, 5.551610171485742, -12.67817588288656, 12.776325230040852, -4.590659595545692, -0.06958964029327513, 0.21700985071021764, -0.7642669134179038, 0.8421754945035568, -0.34203547918506455], [-0.12534037265697437, -12.67817588288656, 43.4740647910426, -52.05121563203594, 20.695502552223008, 0.2328122000022588, -0.49827184058930646, 2.4628367189456633, -3.0076391802130082, 1.3270240428980289], [-1.1360823312480532, 12.776325230040852, -52.05121563203594, 68.2908870067719, -28.84092235153268, -0.3612504343213047, 0.5906339562658549, -3.064000360372392, 3.8317489709695858, -1.7623019626803207], [0.5428409444477652, -4.590659595545692, 20.695502552223008, -28.84092235153268, 12.717892774931965, 0.1492938938658825, -0.2127161337083545, 1.1874494706046645, -1.5572498651449262, 0.7606897036865594], [2.164520223300347, -0.06958964029327513, 0.2328122000022588, -0.3612504343213047, 0.1492938938658825, 33.06982550699497, 0.7581640070861589, -0.6519744096831834, -0.1787448319755674, 0.05083118505077375], [0.07800829821909396, 0.21700985071021764, -0.49827184058930646, 0.5906339562658549, -0.2127161337083545, 0.7581640070861589, 4.000417618138005, -9.209162131938017, 9.199995094919409, -3.257491124634342], [0.007402071219888949, -0.7642669134179038, 2.4628367189456633, -3.064000360372392, 1.1874494706046645, -0.6519744096831834, -9.209162131938017, 33.17089590136506, -39.66199379712063, 15.69577669310019], [-0.0679991037541015, 0.8421754945035568, -3.0076391802130082, 3.8317489709695858, -1.5572498651449262, -0.1787448319755674, 9.199995094919409, -39.66199379712063, 52.058594908404444, -21.915396319324206], [0.01848045820320129, -0.34203547918506455, 1.3270240428980289, -1.7623019626803207, 0.7606897036865594, 0.05083118505077375, -3.257491124634342, 15.69577669310019, -21.915396319324206, 9.647902827792382]], [[44.017980345559785, 1.1108062239637126, -0.8027565925850398, -0.21366636050044457, -0.09754720252521866, 0.21273612556508875, 2.005957361721492, 0.048033080238092746, 0.00501614538300621, 0.23559739778845368, -0.3146486909245594, 0.15937322537709253], [1.1108062239637126, 3.4291299465688145, -4.4021265426629395, -1.0623175196870687, 6.406215345592126, -3.5662413403751634, -0.005465826339570851, 0.2054119388985171, -0.3889862782137501, 0.4270299190360206, -0.181948479983277, 0.009499047278966832], [-0.8027565925850398, -4.4021265426629395, 15.138223105149368, -10.969072902020056, -6.7152738414238975, 7.384602724188606, -0.1193942102602288, -0.22197556087859213, 1.0955673032561588, -1.6861644775417088, 0.9892702824592874, -0.19479421997687751], [-0.21366636050044457, -1.0623175196870687, -10.969072902020056, 25.580096345403263, -16.6650763311416, 2.061892706487575, 0.35606112678328283, -0.20226215438755957, -0.45573360003359453, 1.6671498552666413, -1.7519326884538873, 0.6767100694951504], [-0.09754720252521866, 6.406215345592126, -6.7152738414238975, -16.6650763311416, 31.136549892001632, -13.54850590774772, -0.36802328966941966, 0.6141277461016894, -1.182474880039699, 0.4582519936300612, 0.9985341071259435, -0.7656705028168155], [0.21273612556508875, -3.5662413403751634, 7.384602724188606, 2.061892706487575, -13.54850590774772, 7.534109596469474, 0.0906922228630142, -0.3377880060790129, 0.8920549763532413, -0.8057356795747855, -0.08606408100570004, 0.27179303823920853], [2.005957361721492, -0.005465826339570851, -0.1193942102602288, 0.35606112678328283, -0.36802328966941966, 0.0906922228630142, 33.516017418101036, 0.9190982037695391, -0.9167474719780603, 0.3590544970589762, -0.5013065933583785, 0.20141676218920196], [0.048033080238092746, 0.2054119388985171, -0.22197556087859213, -0.20226215438755957, 0.6141277461016894, -0.3377880060790129, 0.9190982037695391, 2.7159971368979123, -3.310707751549979, -0.9973100899843109, 4.9952199101249155, -2.64445664460627], [0.00501614538300621, -0.3889862782137501, 1.0955673032561588, -0.45573360003359453, -1.182474880039699, 0.8920549763532413, -0.9167474719780603, -3.310707751549979, 10.86495954807658, -6.554812761519858, -7.035179786839418, 6.08663735572628], [0.23559739778845368, 0.4270299190360206, -1.6861644775417088, 1.6671498552666413, 0.4582519936300612, -0.8057356795747855, 0.3590544970589762, -0.9973100899843109, -6.554812761519858, 14.36994883571516, -7.216705692744237, -0.21415501358670053], [-0.3146486909245594, -0.181948479983277, 0.9892702824592874, -1.7519326884538873, 0.9985341071259435, -0.08606408100570004, -0.5013065933583785, 4.9952199101249155, -7.035179786839418, -7.216705692744237, 18.421687413147517, -8.579656739429646], [0.15937322537709253, 0.009499047278966832, -0.19479421997687751, 0.6767100694951504, -0.7656705028168155, 0.27179303823920853, 0.20141676218920196, -2.64445664460627, 6.08663735572628, -0.21415501358670053, -8.579656739429646, 5.124664338455669]], [[43.81145970091318, 0.9671135876456588, -0.5892343571937704, -0.7016482683938201, -0.28153326444560195, 1.0972564566817238, -0.48765582928338763, 2.1647230336551124, 0.09262010540508392, -0.1077465267245512, 0.39898526341671525, -0.4359586826567119, 0.12552578506735595, 0.0001569133686101211], [0.9671135876456588, 3.795531450427905, -7.300550518080806, 5.253161920998444, 1.545772400619036, -3.6770830810414696, 1.0669517905284476, 0.09192048837758812, 0.24089898586887137, -0.5363389547434143, 0.5577579033853346, 0.1535811282298388, -0.6292240774064309, 0.2822423831056873], [-0.5892343571937704, -7.300550518080806, 31.19303467329717, -39.260298373261655, 1.7374911924016085, 28.239633784267813, -13.954588090599293, -0.02614192862859696, -0.34111775225925167, 1.4391659405919879, -2.3321565069985315, 0.4556174839383291, 1.5133187948172862, -0.7970895059506097], [-0.7016482683938201, 5.253161920998444, -39.260298373261655, 66.2163350341034, -13.053562308635367, -50.178123265585185, 29.80880332270234, -0.09852803530941982, 0.16401613652788205, -1.6739723551748682, 3.7816981199883934, -1.6516381434632965, -1.8431148696686943, 1.2698599930299412], [-0.28153326444560195, 1.545772400619036, 1.7374911924016085, -13.053562308635367, 8.11579345480935, 11.497331155597273, -9.637409574552906, 0.6551615983686253, 0.2202019959701838, -0.007200735141120518, -0.7135372757718252, 0.6898411319153451, -0.0634627434275946, -0.09439540790052736], [1.0972564566817238, -3.6770830810414696, 28.239633784267813, -50.178123265585185, 11.497331155597273, 38.904551583363684, -24.010831796013598, -0.898667587297064, -0.1517475737857501, 0.7863390978325888, -2.4235964509900545, 1.5953735469792043, 1.2435182487947662, -1.1008359358189532], [-0.48765582928338763, 1.0669517905284476, -13.954588090599293, 29.80880332270234, -9.637409574552906, -24.010831796013598, 16.27722204815497, 0.40125779124671673, -0.02760574598492438, -0.16818158750021084, 1.2022430285715122, -1.1117652067099788, -0.40937535495699817, 0.5195300317689101], [2.1647230336551124, 0.09192048837758812, -0.02614192862859696, -0.09852803530941982, 0.6551615983686253, -0.898667587297064, 0.40125779124671673, 33.43562842089801, 0.8061048500670738, -0.645720960419071, -0.5766882977284995, 0.5447704470464687, -0.32015741792041885, 0.19612449812484686], [0.09262010540508392, 0.24089898586887137, -0.34111775225925167, 0.16401613652788205, 0.2202019959701838, -0.1517475737857501, -0.02760574598492438, 0.8061048500670738, 2.684476242155382, -4.381391039434728, 2.122850707715908, 1.8488614863806418, -1.7040586116794132, 0.046879042537543616], [-0.1077465267245512, -0.5363389547434143, 1.4391659405919879, -1.6739723551748682, -0.007200735141120518, 0.7863390978325888, -0.16818158750021084, -0.645720960419071, -4.381391039434728, 19.015532952073535, -22.804126019371658, -0.6372810573544447, 16.40881954819698, -7.2499813222936895], [0.39898526341671525, 0.5577579033853346, -2.3321565069985315, 3.7816981199883934, -0.7135372757718252, -2.4235964509900545, 1.2022430285715122, -0.5766882977284995, 2.122850707715908, -22.804126019371658, 40.62706616096471, -7.907080735837413, -30.487096281681882, 17.634653287058107], [-0.4359586826567119, 0.1535811282298388, 0.4556174839383291, -1.6516381434632965, 0.6898411319153451, 1.5953735469792043, -1.1117652067099788, 0.5447704470464687, 1.8488614863806418, -0.6372810573544447, -7.907080735837413, 6.170799416338113, 6.855293771264786, -6.169459957136838], [0.12552578506735595, -0.6292240774064309, 1.5133187948172862, -1.8431148696686943, -0.0634627434275946, 1.2435182487947662, -0.40937535495699817, -0.32015741792041885, -1.7040586116794132, 16.40881954819698, -30.487096281681882, 6.855293771264786, 23.556118612641708, -14.164806273350855], [0.0001569133686101211, 0.2822423831056873, -0.7970895059506097, 1.2698599930299412, -0.09439540790052736, -1.1008359358189532, 0.5195300317689101, 0.19612449812484686, 0.046879042537543616, -7.2499813222936895, 17.634653287058107, -6.169459957136838, -14.164806273350855, 9.620973831842898]], [[44.162331976993755, 0.6616403343418109, -0.16427788682873778, -1.2376567979472972, -0.2847576622138228, 1.4897057861878156, -0.633893581031532, -0.10363667394650929, 2.154338896750048, 0.02246819132390832, 0.02728740697022647, -0.3308635999642782, 0.3694161179828188, 0.5413846284233089, -1.2712430920976483, 0.6193823456361393], [0.6616403343418109, 4.851072065639785, -10.60803927405195, 7.900893815517077, 4.450138502370934, -4.472160541614575, -5.8690006675752375, 4.680126176628785, 0.013682825101763389, 0.28648353045614017, -0.6978062230859213, 0.5577966953008743, 0.31285180618219216, -0.11957851654691246, -0.8876587892005586, 0.5923735776775715], [-0.16427788682873778, -10.60803927405195, 40.60775994722315, -42.228076556054276, -14.985530841520301, 25.834785332298843, 25.092507799919996, -24.082482526506713, -0.28677869428567815, -0.6072673131408082, 2.1214132707968516, -2.2092432738522314, -0.5290480595715077, 0.3087984377597852, 2.656959431423892, -1.9034472460525569], [-1.2376567979472972, 7.900893815517077, -42.228076556054276, 54.1030722769686, 12.684709696890227, -35.12900246655316, -29.280011719453782, 32.08318161983541, 0.4477850366008903, 0.41507999689053515, -2.199790162121166, 2.883332379215901, 0.3647385400552745, -0.9125584977196896, -2.4886605981753447, 2.1325548529081946], [-0.2847576622138228, 4.450138502370934, -14.985530841520301, 12.684709696890227, 7.3281812510420234, -7.166644866199564, -8.79903980983433, 6.732522361068693, -0.27554397604013176, 0.30234863883823115, -0.5840004130035571, 0.12975083035077864, 0.35552107118227877, 0.2503895692889996, -0.9849645249534178, 0.5400936065980553], [1.4897057861878156, -4.472160541614575, 25.834785332298843, -35.12900246655316, -7.166644866199564, 23.405648127826993, 18.59618597791445, -21.27879324955495, 0.016467097927938254, -0.14900972006106913, 0.8346516383325677, -1.1259994675948966, -0.0801515629326911, 0.4215231321212671, 1.023253497345645, -0.9969665644316807], [-0.633893581031532, -5.8690006675752375, 25.092507799919996, -29.280011719453782, -8.79903980983433, 18.59618597791445, 17.032740757725033, -17.284354759402426, 0.0011826934600975138, -0.5545296551730327, 1.5484474044509362, -1.6793169400894994, -0.5358708629786917, 0.5988074040786387, 1.9071687197733125, -1.507220022499579], [-0.10363667394650929, 4.680126176628785, -24.082482526506713, 32.08318161983541, 6.732522361068693, -21.27879324955495, -17.284354759402426, 19.558248610628922, 0.016190996842441168, 0.3740909794499747, -1.2413434200433773, 1.5591585950814792, 0.303276918825184, -0.6925500758056796, -1.4045270895377655, 1.286319208503966], [2.154338896750048, 0.013682825101763389, -0.28677869428567815, 0.4477850366008903, -0.27554397604013176, 0.016467097927938254, 0.0011826934600975138, 0.016190996842441168, 33.373236111515084, 0.6498438038217099, -0.5541963522170144, -0.31713650202276006, 0.15408211184774043, -0.26466009764811227, 0.32733130342273015, -0.05447783395306387], [0.02246819132390832, 0.28648353045614017, -0.6072673131408082, 0.41507999689053515, 0.30234863883823115, -0.14900972006106913, -0.5545296551730327, 0.3740909794499747, 0.6498438038217099, 3.1155723850719865, -6.050034966862614, 3.682678957277002, 2.7623645931776983, -1.7258304646517149, -3.5081291166234037, 2.3322022950078436], [0.02728740697022647, -0.6978062230859213, 2.1214132707968516, -2.199790162121166, -0.5840004130035571, 0.8346516383325677, 1.5484474044509362, -1.2413434200433773, -0.5541963522170144, -6.050034966862614, 24.25722400559768, -24.00407944348333, -9.33473868130424, 13.180077362639969, 15.81779964310198, -13.668533570939287], [-0.3308635999642782, 0.5577966953008743, -2.2092432738522314, 2.883332379215901, 0.12975083035077864, -1.1259994675948966, -1.6793169400894994, 1.5591585950814792, -0.31713650202276006, 3.682678957277002, -24.00407944348333, 31.13419877130191, 7.746150252584478, -19.197927066182324, -18.411302635939442, 18.742396891973506], [0.3694161179828188, 0.31285180618219216, -0.5290480595715077, 0.3647385400552745, 0.35552107118227877, -0.0801515629326911, -0.5358708629786917, 0.303276918825184, 0.15408211184774043, 2.7623645931776983, -9.33473868130424, 7.746150252584478, 4.19457965854728, -3.6809949095043133, -5.853358343333103, 4.224119495371265], [0.5413846284233089, -0.11957851654691246, 0.3087984377597852, -0.9125584977196896, 0.2503895692889996, 0.4215231321212671, 0.5988074040786387, -0.6925500758056796, -0.26466009764811227, -1.7258304646517149, 13.180077362639969, -19.197927066182324, -3.6809949095043133, 12.977959199356095, 10.79016302531483, -12.208307364409242], [-1.2712430920976483, -0.8876587892005586, 2.656959431423892, -2.4886605981753447, -0.9849645249534178, 1.023253497345645, 1.9071687197733125, -1.4045270895377655, 0.32733130342273015, -3.5081291166234037, 15.81779964310198, -18.411302635939442, -5.853358343333103, 10.79016302531483, 12.212397751091567, -11.348057331739252], [0.6193823456361393, 0.5923735776775715, -1.9034472460525569, 2.1325548529081946, 0.5400936065980553, -0.9969665644316807, -1.507220022499579, 1.286319208503966, -0.05447783395306387, 2.3322022950078436, -13.668533570939287, 18.742396891973506, 4.224119495371265, -12.208307364409242, -11.348057331739252, 12.07234873792324]]], "B_list": [{"B_d": [[0.004065817044492607], [4.766582723043061e-05], [1.660567070739453e-06]], "B_theta": [7.479163118394503e-08], "B_const": [0.0026650279823320624]}, {"B_d": [[0.00017404821995724046], [1.888899511553957e-05], [7.991184129346456e-08]], "B_theta": [1.893292798892991e-08], "B_const": [0.00017308085780331993]}, {"B_d": [[1.682706384695518e-05], [7.038769707020628e-06], [6.761494964342744e-09]], "B_theta": [6.257153212414375e-09], "B_const": [3.857028598464391e-05]}, {"B_d": [[3.022523172313744e-06], [4.257616370728228e-06], [5.968174034779746e-09]], "B_theta": [3.2416940165623213e-09], "B_const": [1.9447913852581487e-05]}, {"B_d": [[8.47453277310754e-07], [3.5679065261162133e-06], [7.765463559062991e-09]], "B_theta": [2.02071719800741e-09], "B_const": [1.2694516876041361e-05]}, {"B_d": [[2.6378777954682663e-07], [3.4529376396904943e-06], [7.227469076153854e-09]], "B_theta": [2.0788500667089703e-09], "B_const": [1.2495379052135821e-05]}, {"B_d": [[2.0257647209142928e-07], [3.2782791832722614e-06], [7.812109440189307e-09]], "B_theta": [1.78201367273794e-09], "B_const": [1.023523845574686e-05]}, {"B_d": [[2.2792722591235792e-07], [3.0648680115501388e-06], [8.377866462840699e-09]], "B_theta": [1.5444563465364355e-09], "B_const": [9.61181486767188e-06]}], "bic_scores": [-4.9074008879696365, -14.173890359199206, -9.131096991661899, 5.851215108594019, 26.818977497701702, 53.191557250198564, 84.0405287597136, 119.65534857440625], "best_bic": -14.173890359199206, "best_bic_A": [[44.09482194705432, -0.46084592290774495, 1.7701127342948535, 0.09544392527041587], [-0.46084592290774495, 0.6225643426925038, 0.006216182687524571, 0.009425467827272525], [1.7701127342948535, 0.006216182687524571, 33.55517571631922, -0.2890464408420953], [0.09544392527041587, 0.009425467827272525, -0.2890464408420953, 0.5614780868800526]], "best_bic_B": {"B_d": [[0.00017404821995724046], [1.888899511553957e-05], [7.991184129346456e-08]], "B_theta": [1.893292798892991e-08], "B_const": [0.00017308085780331993]}, "best_bic_deg": 2, "best_bic_deg_idx": 1, "aic_scores": [-6.11774125994582, -16.44327855665455, -13.064703200584496, -0.3517792977839207, 17.74142470788032, 40.63427589094565, 67.39834864504107, 98.32309951832602], "best_aic": -16.44327855665455, "best_aic_A": [[44.09482194705432, -0.46084592290774495, 1.7701127342948535, 0.09544392527041587], [-0.46084592290774495, 0.6225643426925038, 0.006216182687524571, 0.009425467827272525], [1.7701127342948535, 0.006216182687524571, 33.55517571631922, -0.2890464408420953], [0.09544392527041587, 0.009425467827272525, -0.2890464408420953, 0.5614780868800526]], "best_aic_B": {"B_d": [[0.00017404821995724046], [1.888899511553957e-05], [7.991184129346456e-08]], "B_theta": [1.893292798892991e-08], "B_const": [0.00017308085780331993]}, "best_aic_deg": 2, "best_aic_deg_idx": 1, "lr": 0.01, "optimizer": null, "epochs": 100, "best_epochs": [94, 66, 83, 79, 79, 98, 95, 90], "batch_size": 1024}