{"degree": [1, 2, 3, 4, 5, 6, 7, 8], "losses": [271.3460421100071, 83.90150767098923, -11.99198978631628, -58.038256895008765, -84.94917926628433, -102.70790247813437, -105.19636604478114, -108.47576774105852], "A_list": [[[37.58082529731164, 1.7311355881717607], [1.7311355881717607, 28.453137330288975]], [[39.670712261263894, -0.4701091502947814, 1.6823519578765547, 0.018417907496770723], [-0.4701091502947814, 0.09778815166827133, -0.021105092604294617, 0.002960972678994719], [1.6823519578765547, -0.021105092604294617, 30.901044665723195, -0.46401510445562816], [0.018417907496770723, 0.002960972678994719, -0.46401510445562816, 0.09155389045593648]], [[38.903511828269544, -0.3639258338658293, -0.012739848282611944, 1.6583707699089447, 0.04165312751244635, -0.0035464607570060884], [-0.3639258338658293, 0.26064100427109294, -0.016728736230815215, -0.04299880915477833, 0.006092161194690164, 0.00020926321753391558], [-0.012739848282611944, -0.016728736230815215, 0.0017116897383832373, 0.003153709860395866, -0.0010293532111751826, 4.145907469792882e-05], [1.6583707699089447, -0.04299880915477833, 0.003153709860395866, 29.96975151631303, -0.389216432351355, -0.00967727599371244], [0.04165312751244635, 0.006092161194690164, -0.0010293532111751826, -0.389216432351355, 0.2469875045575419, -0.016139351288099745], [-0.0035464607570060884, 0.00020926321753391558, 4.145907469792882e-05, -0.00967727599371244, -0.016139351288099745, 0.0016730134426056647]], [[38.45591435330557, -0.29649301853095444, -0.019016149797288353, 0.0005668908516756343, 1.6631716656796849, 0.03291044029741339, -0.0028014653582831965, -5.495586143254571e-05], [-0.29649301853095444, 0.4563388300225159, -0.07621351655472947, 0.004376735264598525, -0.033288717301690716, 0.015536796648381848, -0.0004545430742787244, -1.9943528929924062e-05], [-0.019016149797288353, -0.07621351655472947, 0.019311195430581928, -0.0013068157657227478, 0.0033612078157954414, -0.004407353721828105, 0.0005318825806886435, -1.80653540968773e-05], [0.0005668908516756343, 0.004376735264598525, -0.0013068157657227478, 9.714290207914841e-05, -0.00010177351571893, 0.0003323001313530532, -5.5732218847899724e-05, 2.7496623784781397e-06], [1.6631716656796849, -0.033288717301690716, 0.0033612078157954414, -0.00010177351571893, 29.430013754531817, -0.2870814946359511, -0.02004277781892677, 0.000919010178995387], [0.03291044029741339, 0.015536796648381848, -0.004407353721828105, 0.0003323001313530532, -0.2870814946359511, 0.42419776496206774, -0.07092558959376563, 0.004047402609741066], [-0.0028014653582831965, -0.0004545430742787244, 0.0005318825806886435, -5.5732218847899724e-05, -0.02004277781892677, -0.07092558959376563, 0.018086954457009103, -0.0012226585401799962], [-5.495586143254571e-05, -1.9943528929924062e-05, -1.80653540968773e-05, 2.7496623784781397e-06, 0.000919010178995387, 0.004047402609741066, -0.0012226585401799962, 9.117618754578612e-05]], [[38.11904942224374, -0.30830404185081994, 0.004519697110590714, -0.003906418585356578, 0.0002446141624745457, 1.7286692317670818, 0.02546936133428486, 0.000769765557061831, -0.0005860442655328165, 2.4565752677802673e-05], [-0.30830404185081994, 0.8541481571384792, -0.2692691680057322, 0.038426714557680104, -0.00200127097166462, -0.025226253303231257, 0.02465562671064422, -0.0055804477762520415, 0.0008388072643777891, -5.0796277613046225e-05], [0.004519697110590714, -0.2692691680057322, 0.11189736322729603, -0.017619910533352847, 0.0009630171090651185, 0.001083448114244734, -0.009045566925928615, 0.002881591014945449, -0.0004027429316564054, 2.2172752638359355e-05], [-0.003906418585356578, 0.038426714557680104, -0.017619910533352847, 0.002971925778299226, -0.00016989584470714807, 0.0001623462626666196, 0.001232607471880032, -0.0005100325489386566, 7.874437792702495e-05, -4.392572136737148e-06], [0.0002446141624745457, -0.00200127097166462, 0.0009630171090651185, -0.00016989584470714807, 1.0041677504232413e-05, -1.7909754091264517e-05, -5.9494711591684e-05, 2.9502945341133983e-05, -4.94254636270817e-06, 2.8342132750864564e-07], [1.7286692317670818, -0.025226253303231257, 0.001083448114244734, 0.0001623462626666196, -1.7909754091264517e-05, 29.20799229029195, -0.31363051928944785, 0.00869940105948244, -0.004613504957769687, 0.0002988825066368083], [0.02546936133428486, 0.02465562671064422, -0.009045566925928615, 0.001232607471880032, -5.9494711591684e-05, -0.31363051928944785, 0.7760738052833133, -0.24530687548083452, 0.0349060823674682, -0.0018111048960114764], [0.000769765557061831, -0.0055804477762520415, 0.002881591014945449, -0.0005100325489386566, 2.9502945341133983e-05, 0.00869940105948244, -0.24530687548083452, 0.10322778573222434, -0.01626826112296711, 0.0008859990380337691], [-0.0005860442655328165, 0.0008388072643777891, -0.0004027429316564054, 7.874437792702495e-05, -4.94254636270817e-06, -0.004613504957769687, 0.0349060823674682, -0.01626826112296711, 0.002750404441287398, -0.000156747512097774], [2.4565752677802673e-05, -5.0796277613046225e-05, 2.2172752638359355e-05, -4.392572136737148e-06, 2.8342132750864564e-07, 0.0002988825066368083, -0.0018111048960114764, 0.0008859990380337691, -0.000156747512097774, 9.239335930519442e-06]], [[38.1443732693464, -0.2993942402337294, 0.024327613014755316, -0.012864551774498746, 0.0016079525411787628, -6.911731611658279e-05, 1.6512064930516808, 0.028910067315635293, -0.0012355148754685796, -0.0004469653661116624, 8.271146928767216e-05, -4.861440484931834e-06], [-0.2993942402337294, 0.8899633301802186, -0.3073227560816955, 0.05223016641494582, -0.004018171940556849, 0.00010369619883912024, -0.023059083887724707, 0.025437151284640743, -0.0064798222326091955, 0.0012710194999120995, -0.00012830537171124728, 5.1500775841178986e-06], [0.024327613014755316, -0.3073227560816955, 0.1504965164684058, -0.03188345520814588, 0.0031179215461485605, -0.00011482592621626819, -0.0003331707485991854, -0.008766406711456613, 0.0034085846080378953, -0.0007147431055651412, 7.849626440955843e-05, -3.5145952923755004e-06], [-0.012864551774498746, 0.05223016641494582, -0.03188345520814588, 0.008308122149619469, -0.0009851565323596172, 4.385081276471718e-05, 0.0007782816030458515, 0.0008410459136200909, -0.0005884508058581041, 0.00016727170034887035, -2.190213608167324e-05, 1.097629295773992e-06], [0.0016079525411787628, -0.004018171940556849, 0.0031179215461485605, -0.0009851565323596172, 0.0001353670444919669, -6.765174670011032e-06, -0.00010455521070110869, 3.018414350816343e-05, 3.2845283580766604e-05, -1.7183839363004138e-05, 2.8593347636465664e-06, -1.611928725418057e-07], [-6.911731611658279e-05, 0.00010369619883912024, -0.00011482592621626819, 4.385081276471718e-05, -6.765174670011032e-06, 3.6561516854066384e-07, 5.902268822982203e-06, -5.957431529788188e-06, 1.1455835453359777e-07, 6.270731821159129e-07, -1.3821583946177248e-07, 8.631956677004258e-09], [1.6512064930516808, -0.023059083887724707, -0.0003331707485991854, 0.0007782816030458515, -0.00010455521070110869, 5.902268822982203e-06, 29.19724215052941, -0.31204800655566267, 0.025695332757466854, -0.012357041020379614, 0.00147451900019501, -5.966257023726875e-05], [0.028910067315635293, 0.025437151284640743, -0.008766406711456613, 0.0008410459136200909, 3.018414350816343e-05, -5.957431529788188e-06, -0.31204800655566267, 0.792054073677524, -0.27294163979042946, 0.046233991884406016, -0.0035553389670961912, 9.23670858633776e-05], [-0.0012355148754685796, -0.0064798222326091955, 0.0034085846080378953, -0.0005884508058581041, 3.2845283580766604e-05, 1.1455835453359777e-07, 0.025695332757466854, -0.27294163979042946, 0.1350108734925381, -0.02861807669782051, 0.0027957803125000257, -0.00010298315290501505], [-0.0004469653661116624, 0.0012710194999120995, -0.0007147431055651412, 0.00016727170034887035, -1.7183839363004138e-05, 6.270731821159129e-07, -0.012357041020379614, 0.046233991884406016, -0.02861807669782051, 0.00748691623380846, -0.000889016801419223, 3.960238241861088e-05], [8.271146928767216e-05, -0.00012830537171124728, 7.849626440955843e-05, -2.190213608167324e-05, 2.8593347636465664e-06, -1.3821583946177248e-07, 0.00147451900019501, -0.0035553389670961912, 0.0027957803125000257, -0.000889016801419223, 0.00012251319681979273, -6.128415895967622e-06], [-4.861440484931834e-06, 5.1500775841178986e-06, -3.5145952923755004e-06, 1.097629295773992e-06, -1.611928725418057e-07, 8.631956677004258e-09, -5.966257023726875e-05, 9.23670858633776e-05, -0.00010298315290501505, 3.960238241861088e-05, -6.128415895967622e-06, 3.3134906503471507e-07]], [[37.97637648053116, -0.3173377149122782, 0.032179443955309625, -0.009309046730705747, -0.0008744927787849794, 0.0003797523466716727, -2.6282959278378666e-05, 1.7014078691060306, 0.02677210306499045, 0.0003647585682273573, -0.0005273031657688863, -4.130398928233641e-05, 1.4597472705118578e-05, -1.1335904806322273e-06], [-0.3173377149122782, 0.9376384055812907, -0.3250410663288543, 0.04514840700982635, 0.0007616790718465554, -0.0007337357456890195, 4.7420046275079285e-05, -0.02695933837268196, 0.026917749795608417, -0.008880830413756464, 0.0018016458857243222, -0.00012450059375508697, -7.0763197000695924e-06, 9.096779366120211e-07], [0.032179443955309625, -0.3250410663288543, 0.15289307651784623, -0.025263882280973513, -1.862915295849233e-05, 0.0003917143279599732, -2.7703262750344627e-05, 0.0034106125462446146, -0.009874301199119213, 0.004568000382533674, -0.0009418693483227865, 7.518463853668851e-05, 1.507313226611377e-06, -3.6314418810434393e-07], [-0.009309046730705747, 0.04514840700982635, -0.025263882280973513, 0.004897430675560094, -7.238344011058916e-05, -7.362688863234353e-05, 5.7377516905579925e-06, -0.00012549193606559673, 0.0008772654338685751, -0.0006307798652568646, 0.00015512599749635216, -1.5587268049763743e-05, 2.5074145322837354e-07, 3.730374097937578e-08], [-0.0008744927787849794, 0.0007616790718465554, -1.862915295849233e-05, -7.238344011058916e-05, 9.34835996020615e-06, 7.876763264205803e-07, -1.254118329421059e-07, -1.8618028955173935e-05, 0.00013662054460667045, -5.0063107150177204e-05, 7.31425681307479e-06, 2.2323685225277887e-07, -1.5671335759563082e-07, 1.0440870340965697e-08], [0.0003797523466716727, -0.0007337357456890195, 0.0003917143279599732, -7.362688863234353e-05, 7.876763264205803e-07, 1.1285000319263922e-06, -8.559236237762263e-08, 5.262235084239655e-06, -3.0150866101329898e-05, 1.8081463952010333e-05, -4.105759598518107e-06, 2.723041838712474e-07, 2.272122917638262e-08, -2.721430834073525e-09], [-2.6282959278378666e-05, 4.7420046275079285e-05, -2.7703262750344627e-05, 5.7377516905579925e-06, -1.254118329421059e-07, -8.559236237762263e-08, 6.995880528267712e-09, -2.8205876774663805e-07, 1.4976105153190333e-06, -1.0830042664820889e-06, 2.7552463637100726e-07, -2.230231881679978e-08, -1.0194549778281443e-09, 1.6667119850044283e-10], [1.7014078691060306, -0.02695933837268196, 0.0034106125462446146, -0.00012549193606559673, -1.8618028955173935e-05, 5.262235084239655e-06, -2.8205876774663805e-07, 29.183913157961502, -0.35508201192183336, 0.04440657715309898, -0.01151895089742487, -0.0007355127469582468, 0.0003870296138546817, -2.6962170900721408e-05], [0.02677210306499045, 0.026917749795608417, -0.009874301199119213, 0.0008772654338685751, 0.00013662054460667045, -3.0150866101329898e-05, 1.4976105153190333e-06, -0.35508201192183336, 0.8705654404320913, -0.30775081611688837, 0.04370099784765953, 0.0005803825271472488, -0.0006964260998209637, 4.5769493574117777e-05], [0.0003647585682273573, -0.008880830413756464, 0.004568000382533674, -0.0006307798652568646, -5.0063107150177204e-05, 1.8081463952010333e-05, -1.0830042664820889e-06, 0.04440657715309898, -0.30775081611688837, 0.14714982179401065, -0.024610079712624654, 2.274550387614609e-05, 0.00037775845541061955, -2.691417174035285e-05], [-0.0005273031657688863, 0.0018016458857243222, -0.0009418693483227865, 0.00015512599749635216, 7.31425681307479e-06, -4.105759598518107e-06, 2.7552463637100726e-07, -0.01151895089742487, 0.04370099784765953, -0.024610079712624654, 0.004785152194764055, -7.279062016411811e-05, -7.159911628205154e-05, 5.58276990869816e-06], [-4.130398928233641e-05, -0.00012450059375508697, 7.518463853668851e-05, -1.5587268049763743e-05, 2.2323685225277887e-07, 2.723041838712474e-07, -2.230231881679978e-08, -0.0007355127469582468, 0.0005803825271472488, 2.274550387614609e-05, -7.279062016411811e-05, 8.511342245823922e-06, 8.397288734380034e-07, -1.2297151109882836e-07], [1.4597472705118578e-05, -7.0763197000695924e-06, 1.507313226611377e-06, 2.5074145322837354e-07, -1.5671335759563082e-07, 2.272122917638262e-08, -1.0194549778281443e-09, 0.0003870296138546817, -0.0006964260998209637, 0.00037775845541061955, -7.159911628205154e-05, 8.397288734380034e-07, 1.08892100589242e-06, -8.291987193226025e-08], [-1.1335904806322273e-06, 9.096779366120211e-07, -3.6314418810434393e-07, 3.730374097937578e-08, 1.0440870340965697e-08, -2.721430834073525e-09, 1.6667119850044283e-10, -2.6962170900721408e-05, 4.5769493574117777e-05, -2.691417174035285e-05, 5.58276990869816e-06, -1.2297151109882836e-07, -8.291987193226025e-08, 6.7693184353082415e-09]], [[37.89297080648511, -0.3216875073305551, 0.030331384090145776, -0.005569060045051288, -0.0015879211198523155, 0.0001828610301159162, 3.68582498137292e-05, -4.365110831466732e-06, 1.650103897622298, 0.018727770174984136, 0.0029483040053953974, -0.0014140346268662549, 0.00023514371305978607, -3.792961045249686e-05, 4.354557258937144e-06, -2.257606712505462e-07], [-0.3216875073305551, 0.966351526087663, -0.32442252868151567, 0.03868316198640861, 0.0016967269249971873, -0.0004045713431709196, -4.0968087308319874e-05, 5.6237684095060864e-06, -0.03253961583454999, 0.032881672450499784, -0.00955703667910178, 0.0012818998623785112, 2.055947085708355e-05, -8.684695804071404e-06, -1.442099260607736e-06, 1.7565379770339352e-07], [0.030331384090145776, -0.32442252868151567, 0.14504004774857387, -0.021049293873551488, -0.0003732827414735809, 0.00020912052812690696, 1.384949765386243e-05, -2.4709404624619188e-06, 0.00114297695127324, -0.009836756984116766, 0.003484664420011315, -0.0003937747079817365, -1.943829454603905e-05, 2.8249505986513004e-06, 6.993106182724648e-07, -7.358542432386716e-08], [-0.005569060045051288, 0.03868316198640861, -0.021049293873551488, 0.003978311388036677, -0.00010052013087333693, -3.45183875905839e-05, 3.6923976308467664e-07, 2.3388866230364016e-07, 0.0006290054215069702, 0.00015889283514584934, -2.763151109767743e-05, -2.484260472272794e-05, 5.316605467071135e-06, 2.601832695643892e-07, -1.2373290381199546e-07, 7.410281917114932e-09], [-0.0015879211198523155, 0.0016967269249971873, -0.0003732827414735809, -0.00010052013087333693, 3.5619742653592234e-05, -4.743334453175048e-07, -6.442482823105455e-07, 4.8826050991955016e-08, -0.00017776195905264667, 0.00027159058175865063, -0.00013167925997114408, 2.405820028979098e-05, -6.204030774374072e-07, -2.0299061166349897e-07, 3.4628721426511863e-09, 1.2541951187765122e-09], [0.0001828610301159162, -0.0004045713431709196, 0.00020912052812690696, -3.45183875905839e-05, -4.743334453175048e-07, 3.7390925999389237e-07, 2.530400579223785e-08, -4.763625545067572e-09, 1.248378366081317e-05, -9.780495181363419e-06, 5.328555130877636e-06, -8.881459571446203e-07, -1.9076722066985365e-09, 6.701577629705693e-09, 6.543843894833405e-10, -1.0193119405288226e-10], [3.68582498137292e-05, -4.0968087308319874e-05, 1.384949765386243e-05, 3.6923976308467664e-07, -6.442482823105455e-07, 2.530400579223785e-08, 1.2600666633508836e-08, -1.0980579125908583e-09, 1.5382158627674335e-06, -5.473875573972301e-06, 2.767255286743831e-06, -4.993198768181407e-07, 8.947789093592211e-09, 4.460030534714375e-09, 2.8920680583117645e-11, -3.627995589374388e-11], [-4.365110831466732e-06, 5.6237684095060864e-06, -2.4709404624619188e-06, 2.3388866230364016e-07, 4.8826050991955016e-08, -4.763625545067572e-09, -1.0980579125908583e-09, 1.1750473433703077e-10, -1.7177888959405617e-07, 4.6219619294137077e-07, -2.423182737864489e-07, 4.418346261743641e-08, -7.066272817761332e-10, -3.9387328233556657e-10, -6.727248831363526e-12, 3.5829684787689373e-12], [1.650103897622298, -0.03253961583454999, 0.00114297695127324, 0.0006290054215069702, -0.00017776195905264667, 1.248378366081317e-05, 1.5382158627674335e-06, -1.7177888959405617e-07, 29.231739382354473, -0.3614350618309528, 0.04030275561001136, -0.007568116212771958, -0.001263207657012665, 0.00017154592420357836, 3.2320483899863636e-05, -3.889658522555025e-06], [0.018727770174984136, 0.032881672450499784, -0.009836756984116766, 0.00015889283514584934, 0.00027159058175865063, -9.780495181363419e-06, -5.473875573972301e-06, 4.6219619294137077e-07, -0.3614350618309528, 0.8684666144834768, -0.2915683324963352, 0.0346170354180289, 0.0015853771226780214, -0.0003677338151370539, -3.774947528237261e-05, 5.1539764981454756e-06], [0.0029483040053953974, -0.00955703667910178, 0.003484664420011315, -2.763151109767743e-05, -0.00013167925997114408, 5.328555130877636e-06, 2.767255286743831e-06, -2.423182737864489e-07, 0.04030275561001136, -0.2915683324963352, 0.13165133747489416, -0.019042357319011056, -0.0003696687071678094, 0.00019032035506696385, 1.3283259914269331e-05, -2.3010818252756723e-06], [-0.0014140346268662549, 0.0012818998623785112, -0.0003937747079817365, -2.484260472272794e-05, 2.405820028979098e-05, -8.881459571446203e-07, -4.993198768181407e-07, 4.418346261743641e-08, -0.007568116212771958, 0.0346170354180289, -0.019042357319011056, 0.003578134559652533, -8.155950585946277e-05, -3.1445329395252605e-05, 1.1747663109284782e-07, 2.3010513020224402e-07], [0.00023514371305978607, 2.055947085708355e-05, -1.943829454603905e-05, 5.316605467071135e-06, -6.204030774374072e-07, -1.9076722066985365e-09, 8.947789093592211e-09, -7.066272817761332e-10, -0.001263207657012665, 0.0015853771226780214, -0.0003696687071678094, -8.155950585946277e-05, 3.095746565501006e-05, -4.477839794821894e-07, -5.581148214749017e-07, 4.23263034612154e-08], [-3.792961045249686e-05, -8.684695804071404e-06, 2.8249505986513004e-06, 2.601832695643892e-07, -2.0299061166349897e-07, 6.701577629705693e-09, 4.460030534714375e-09, -3.9387328233556657e-10, 0.00017154592420357836, -0.0003677338151370539, 0.00019032035506696385, -3.1445329395252605e-05, -4.477839794821894e-07, 3.4142421481834927e-07, 2.351335392747269e-08, -4.3823328084782085e-09], [4.354557258937144e-06, -1.442099260607736e-06, 6.993106182724648e-07, -1.2373290381199546e-07, 3.4628721426511863e-09, 6.543843894833405e-10, 2.8920680583117645e-11, -6.727248831363526e-12, 3.2320483899863636e-05, -3.774947528237261e-05, 1.3283259914269331e-05, 1.1747663109284782e-07, -5.581148214749017e-07, 2.351335392747269e-08, 1.0931469253124958e-08, -9.596607385717546e-10], [-2.257606712505462e-07, 1.7565379770339352e-07, -7.358542432386716e-08, 7.410281917114932e-09, 1.2541951187765122e-09, -1.0193119405288226e-10, -3.627995589374388e-11, 3.5829684787689373e-12, -3.889658522555025e-06, 5.1539764981454756e-06, -2.3010818252756723e-06, 2.3010513020224402e-07, 4.23263034612154e-08, -4.3823328084782085e-09, -9.596607385717546e-10, 1.0406917195416894e-10]]], "B_list": [{"B_d": [[3.812877258203097], [0.005122888248499665], [9.612178636012587e-08]], "B_theta": [3.511393626122832e-09], "B_const": [1.148305964606957]}, {"B_d": [[0.10799579342842917], [0.000984256224016515], [6.795797167672452e-06]], "B_theta": [9.158280998817658e-09], "B_const": [0.08717443953456357]}, {"B_d": [[0.02048245759027937], [1.004413804391487e-07], [9.55724418214421e-06]], "B_theta": [1.1259812300844075e-06], "B_const": [0.017850520613411146]}, {"B_d": [[0.009407415713028113], [1.6399468578153662e-06], [7.090920500319193e-06]], "B_theta": [1.0081910201421387e-06], "B_const": [0.007664610651580231]}, {"B_d": [[0.006112383665121691], [5.05444590006513e-06], [5.412577893721859e-06]], "B_theta": [6.681783359567278e-07], "B_const": [0.0044042125237746055]}, {"B_d": [[0.004009540352107173], [1.1207608881342023e-06], [4.190432042146822e-06]], "B_theta": [5.15184189713331e-07], "B_const": [0.0030803305940471605]}, {"B_d": [[0.003951319605156453], [1.5113171239763062e-05], [3.709164879419887e-06]], "B_theta": [5.138255499117312e-07], "B_const": [0.0030867870940962066]}, {"B_d": [[0.0037005049273756913], [2.2491635163210292e-05], [3.779068131636149e-06]], "B_theta": [4.65312960450898e-07], "B_const": [0.002591213137306834]}], "bic_scores": [288.3400230782045, 115.76522198635942, 43.23844836032539, 29.0558955670031, 42.50567799519645, 73.60465006691405, 128.47087226793363, 191.0431468234213], "best_bic": 29.0558955670031, "best_bic_A": [[38.45591435330557, -0.29649301853095444, -0.019016149797288353, 0.0005668908516756343, 1.6631716656796849, 0.03291044029741339, -0.0028014653582831965, -5.495586143254571e-05], [-0.29649301853095444, 0.4563388300225159, -0.07621351655472947, 0.004376735264598525, -0.033288717301690716, 0.015536796648381848, -0.0004545430742787244, -1.9943528929924062e-05], [-0.019016149797288353, -0.07621351655472947, 0.019311195430581928, -0.0013068157657227478, 0.0033612078157954414, -0.004407353721828105, 0.0005318825806886435, -1.80653540968773e-05], [0.0005668908516756343, 0.004376735264598525, -0.0013068157657227478, 9.714290207914841e-05, -0.00010177351571893, 0.0003323001313530532, -5.5732218847899724e-05, 2.7496623784781397e-06], [1.6631716656796849, -0.033288717301690716, 0.0033612078157954414, -0.00010177351571893, 29.430013754531817, -0.2870814946359511, -0.02004277781892677, 0.000919010178995387], [0.03291044029741339, 0.015536796648381848, -0.004407353721828105, 0.0003323001313530532, -0.2870814946359511, 0.42419776496206774, -0.07092558959376563, 0.004047402609741066], [-0.0028014653582831965, -0.0004545430742787244, 0.0005318825806886435, -5.5732218847899724e-05, -0.02004277781892677, -0.07092558959376563, 0.018086954457009103, -0.0012226585401799962], [-5.495586143254571e-05, -1.9943528929924062e-05, -1.80653540968773e-05, 2.7496623784781397e-06, 0.000919010178995387, 0.004047402609741066, -0.0012226585401799962, 9.117618754578612e-05]], "best_bic_B": {"B_d": [[0.009407415713028113], [1.6399468578153662e-06], [7.090920500319193e-06]], "B_theta": [1.0081910201421387e-06], "B_const": [0.007664610651580231]}, "best_bic_deg": 4, "best_bic_deg_idx": 3, "aic_scores": [279.3460421100071, 98.90150767098923, 14.00801021368372, -17.038256895008765, -24.949179266284332, -19.707902478134372, 4.8036339552188565, 32.52423225894148], "best_aic": -24.949179266284332, "best_aic_A": [[38.11904942224374, -0.30830404185081994, 0.004519697110590714, -0.003906418585356578, 0.0002446141624745457, 1.7286692317670818, 0.02546936133428486, 0.000769765557061831, -0.0005860442655328165, 2.4565752677802673e-05], [-0.30830404185081994, 0.8541481571384792, -0.2692691680057322, 0.038426714557680104, -0.00200127097166462, -0.025226253303231257, 0.02465562671064422, -0.0055804477762520415, 0.0008388072643777891, -5.0796277613046225e-05], [0.004519697110590714, -0.2692691680057322, 0.11189736322729603, -0.017619910533352847, 0.0009630171090651185, 0.001083448114244734, -0.009045566925928615, 0.002881591014945449, -0.0004027429316564054, 2.2172752638359355e-05], [-0.003906418585356578, 0.038426714557680104, -0.017619910533352847, 0.002971925778299226, -0.00016989584470714807, 0.0001623462626666196, 0.001232607471880032, -0.0005100325489386566, 7.874437792702495e-05, -4.392572136737148e-06], [0.0002446141624745457, -0.00200127097166462, 0.0009630171090651185, -0.00016989584470714807, 1.0041677504232413e-05, -1.7909754091264517e-05, -5.9494711591684e-05, 2.9502945341133983e-05, -4.94254636270817e-06, 2.8342132750864564e-07], [1.7286692317670818, -0.025226253303231257, 0.001083448114244734, 0.0001623462626666196, -1.7909754091264517e-05, 29.20799229029195, -0.31363051928944785, 0.00869940105948244, -0.004613504957769687, 0.0002988825066368083], [0.02546936133428486, 0.02465562671064422, -0.009045566925928615, 0.001232607471880032, -5.9494711591684e-05, -0.31363051928944785, 0.7760738052833133, -0.24530687548083452, 0.0349060823674682, -0.0018111048960114764], [0.000769765557061831, -0.0055804477762520415, 0.002881591014945449, -0.0005100325489386566, 2.9502945341133983e-05, 0.00869940105948244, -0.24530687548083452, 0.10322778573222434, -0.01626826112296711, 0.0008859990380337691], [-0.0005860442655328165, 0.0008388072643777891, -0.0004027429316564054, 7.874437792702495e-05, -4.94254636270817e-06, -0.004613504957769687, 0.0349060823674682, -0.01626826112296711, 0.002750404441287398, -0.000156747512097774], [2.4565752677802673e-05, -5.0796277613046225e-05, 2.2172752638359355e-05, -4.392572136737148e-06, 2.8342132750864564e-07, 0.0002988825066368083, -0.0018111048960114764, 0.0008859990380337691, -0.000156747512097774, 9.239335930519442e-06]], "best_aic_B": {"B_d": [[0.006112383665121691], [5.05444590006513e-06], [5.412577893721859e-06]], "B_theta": [6.681783359567278e-07], "B_const": [0.0044042125237746055]}, "best_aic_deg": 5, "best_aic_deg_idx": 4, "lr": 0.01, "optimizer": null, "epochs": 150, "best_epochs": [116, 94, 144, 110, 142, 149, 148, 149], "batch_size": 1024}