{"degree": [1, 2, 3, 4, 5, 6, 7, 8], "losses": [196.83751456742309, 14.722887808276637, -96.55373490958256, -170.53304889754787, -222.54151185010377, -264.45474712443627, -277.12866162058754, -303.72413155483144], "A_list": [[[32.15386797954353, 1.0923625001142516], [1.0923625001142516, 21.274793509071955]], [[36.82454544762159, -0.4184126116060901, 1.5715094744303757, -0.02369138948184404], [-0.4184126116060901, 0.08378209892773628, -0.016931122586991972, 0.0035475521929235736], [1.5715094744303757, -0.016931122586991972, 25.565453132899144, -0.36475632372122424], [-0.02369138948184404, 0.0035475521929235736, -0.36475632372122424, 0.07650006404207181]], [[37.337667562751, -0.274665293538514, -0.02112703847261987, 1.8071195492748948, -0.009496864912669288, -0.0025211565038488534], [-0.274665293538514, 0.198850222157722, -0.013791301150942887, -0.018946427639150512, 0.00612737845803046, -0.00015868971322144154], [-0.02112703847261987, -0.013791301150942887, 0.0016500204621398477, 0.0001315856434190308, -0.00044805651499525473, 3.7055830893465e-05], [1.8071195492748948, -0.018946427639150512, 0.0001315856434190308, 27.780681428343197, -0.27060402371784337, -0.01967734610104622], [-0.009496864912669288, 0.00612737845803046, -0.00044805651499525473, -0.27060402371784337, 0.1865606618045657, -0.013139919146324938], [-0.0025211565038488534, -0.00015868971322144154, 3.7055830893465e-05, -0.01967734610104622, -0.013139919146324938, 0.0015771710070682828]], [[37.01399343238065, -0.14270847365270084, -0.04896119837781687, 0.002541012660559129, 1.80225173727178, -0.001723769059609709, -0.004594120510890504, 0.00018126128787892098], [-0.14270847365270084, 0.2617156437161356, -0.0440620842884241, 0.002629196676583423, -0.01775723055396674, 0.006696869375896881, -0.0005733208300289485, 2.521506675308386e-05], [-0.04896119837781687, -0.0440620842884241, 0.014014205016759582, -0.0010831334622891822, 2.291808154240015e-05, -0.0012047311154727758, 0.0003371303564620716, -2.3655910890369977e-05], [0.002541012660559129, 0.002629196676583423, -0.0010831334622891822, 9.479032087437792e-05, -2.3856436548680766e-05, 8.22463675365321e-05, -3.0858123887538074e-05, 2.4479696715773117e-06], [1.80225173727178, -0.01775723055396674, 2.291808154240015e-05, -2.3856436548680766e-05, 27.447980741052632, -0.12700295644577275, -0.05008424003719529, 0.0027973897830006213], [-0.001723769059609709, 0.006696869375896881, -0.0012047311154727758, 8.22463675365321e-05, -0.12700295644577275, 0.24238394824070889, -0.04098837981349227, 0.0024260328380994226], [-0.004594120510890504, -0.0005733208300289485, 0.0003371303564620716, -3.0858123887538074e-05, -0.05008424003719529, -0.04098837981349227, 0.013136636946323419, -0.0010155944579773916], [0.00018126128787892098, 2.521506675308386e-05, -2.3655910890369977e-05, 2.4479696715773117e-06, 0.0027973897830006213, 0.0024260328380994226, -0.0010155944579773916, 8.919470776150535e-05]], [[36.778741401437955, 0.01692866525839725, -0.1122549438066192, 0.014627291741751477, -0.0008539989438244481, 1.8058943450887528, -0.005427301367087155, -0.0027403240996479094, -9.46326999402987e-05, 1.7862730173948515e-05], [0.01692866525839725, 0.3237438959848606, -0.09917073784685392, 0.01504780833125128, -0.0008538530672709162, -0.007831587879367906, 0.010411857532534293, -0.0026083384289461334, 0.00040243357546147047, -2.3815220969385372e-05], [-0.1122549438066192, -0.09917073784685392, 0.053724556593055646, -0.009755971895733436, 0.0006002478365381139, -0.004581706387068613, -0.0031430202016155787, 0.0014485164984894287, -0.00023196951764369408, 1.3450435974575738e-05], [0.014627291741751477, 0.01504780833125128, -0.009755971895733436, 0.0019784374234066192, -0.0001305067064738984, 0.0008991639670608585, 0.0004902537427533694, -0.0002681251129961192, 4.720227847366616e-05, -2.9095572898595475e-06], [-0.0008539989438244481, -0.0008538530672709162, 0.0006002478365381139, -0.0001305067064738984, 9.039814955935112e-06, -6.346063714386308e-05, -2.8362558384807807e-05, 1.6548802831371845e-05, -3.1238115382336165e-06, 2.0312789502879246e-07], [1.8058943450887528, -0.007831587879367906, -0.004581706387068613, 0.0008991639670608585, -6.346063714386308e-05, 27.23699627487188, 0.01774098102007361, -0.10669749025394067, 0.013346563947699383, -0.00075819384309968], [-0.005427301367087155, 0.010411857532534293, -0.0031430202016155787, 0.0004902537427533694, -2.8362558384807807e-05, 0.01774098102007361, 0.29442664758402937, -0.09096221152780112, 0.013821336110448982, -0.0007846066026581646], [-0.0027403240996479094, -0.0026083384289461334, 0.0014485164984894287, -0.0002681251129961192, 1.6548802831371845e-05, -0.10669749025394067, -0.09096221152780112, 0.05018807905084576, -0.009159627502558835, 0.0005643203757582443], [-9.46326999402987e-05, 0.00040243357546147047, -0.00023196951764369408, 4.720227847366616e-05, -3.1238115382336165e-06, 0.013346563947699383, 0.013821336110448982, -0.009159627502558835, 0.0018677933368836093, -0.00012338236769293822], [1.7862730173948515e-05, -2.3815220969385372e-05, 1.3450435974575738e-05, -2.9095572898595475e-06, 2.0312789502879246e-07, -0.00075819384309968, -0.0007846066026581646, 0.0005643203757582443, -0.00012338236769293822, 8.559717670734722e-06]], [[36.82610367235963, -0.02485345165511825, -0.07003545894309084, -0.0024205984328666626, 0.001999627171507219, -0.00017186829208891533, 1.7993647386937246, -0.007161071844006719, -0.0015730829542902475, -0.0006537105778976482, 0.00010873594407132675, -6.275091168946555e-06], [-0.02485345165511825, 0.3356279450805664, -0.1249016792402721, 0.02741030742172849, -0.0030520785737641423, 0.00013340700934753885, -0.008590433454010633, 0.008801134124446308, -0.0018746037447913803, 0.00024250919667101033, -6.010595893459663e-06, -8.078951501743498e-07], [-0.07003545894309084, -0.1249016792402721, 0.08437292530553261, -0.02288477099945339, 0.0028756782186441644, -0.00013837983508700483, -0.0036626773137004268, -0.0022446281490340132, 0.0009816164391750863, -0.00014218387634439, 6.914034688892175e-06, 1.1239945732420103e-07], [-0.0024205984328666626, 0.02741030742172849, -0.02288477099945339, 0.007403484720647411, -0.001060960444918199, 5.6523219138271474e-05, 0.00044519683964272316, 0.0002762310538083881, -0.00016882174131766133, 3.731840600513267e-05, -4.243351969952444e-06, 1.873497935384474e-07], [0.001999627171507219, -0.0030520785737641423, 0.0028756782186441644, -0.001060960444918199, 0.0001680008425832234, -9.644821448414047e-06, 1.8949771606716486e-05, -5.016097988004295e-06, 9.243287974835309e-06, -4.564162164526469e-06, 9.188689912692968e-07, -6.101928791388683e-08], [-0.00017186829208891533, 0.00013340700934753885, -0.00013837983508700483, 5.6523219138271474e-05, -9.644821448414047e-06, 5.845815310019774e-07, -5.4695673203702975e-06, -8.929892921616734e-07, 3.238063481008426e-08, 2.2479502204940732e-07, -6.467979244595687e-08, 4.954063738702432e-09], [1.7993647386937246, -0.008590433454010633, -0.0036626773137004268, 0.00044519683964272316, 1.8949771606716486e-05, -5.4695673203702975e-06, 27.26327170600177, -0.011148768281213521, -0.07310030234835302, -0.00039537037250759327, 0.001578686517234782, -0.00013911395259469202], [-0.007161071844006719, 0.008801134124446308, -0.0022446281490340132, 0.0002762310538083881, -5.016097988004295e-06, -8.929892921616734e-07, -0.011148768281213521, 0.2949657578702699, -0.10769805088236006, 0.023113308360766843, -0.0025056395560393244, 0.00010558844002996247], [-0.0015730829542902475, -0.0018746037447913803, 0.0009816164391750863, -0.00016882174131766133, 9.243287974835309e-06, 3.238063481008426e-08, -0.07310030234835302, -0.10769805088236006, 0.07334721712382641, -0.01967719096250342, 0.0024314036098043402, -0.00011466482225132436], [-0.0006537105778976482, 0.00024250919667101033, -0.00014218387634439, 3.731840600513267e-05, -4.564162164526469e-06, 2.2479502204940732e-07, -0.00039537037250759327, 0.023113308360766843, -0.01967719096250342, 0.006367548948644592, -0.0009076549479591412, 4.798751539904843e-05], [0.00010873594407132675, -6.010595893459663e-06, 6.914034688892175e-06, -4.243351969952444e-06, 9.188689912692968e-07, -6.467979244595687e-08, 0.001578686517234782, -0.0025056395560393244, 0.0024314036098043402, -0.0009076549479591412, 0.00014423714494707192, -8.277460423231754e-06], [-6.275091168946555e-06, -8.078951501743498e-07, 1.1239945732420103e-07, 1.873497935384474e-07, -6.101928791388683e-08, 4.954063738702432e-09, -0.00013911395259469202, 0.00010558844002996247, -0.00011466482225132436, 4.798751539904843e-05, -8.277460423231754e-06, 5.038746902544508e-07]], [[35.5497251390364, -0.03862016003235905, -0.082602103082498, 0.007376617223822423, -0.0020378570546371057, 0.0005881891059932322, -5.015282854232665e-05, 1.7225029757220363, -0.009856601070833748, 0.0010123320905203285, -0.001345297164651169, 0.00010695539351782981, 1.7419940728808556e-05, -2.1162965302674476e-06], [-0.03862016003235905, 0.335350608905905, -0.12145552370153571, 0.022783713109458176, -0.001111485579788457, -0.00019592916650001393, 1.9759815652019384e-05, -0.009320014993581096, 0.005716006692669404, 0.001314454777218057, -0.0015213075511421258, 0.0004958921811733045, -7.000713493904237e-05, 3.6669879736178924e-06], [-0.082602103082498, -0.12145552370153571, 0.0782889346730719, -0.018065679758074108, 0.0011717382219819487, 0.00013050592355313482, -1.5548454350257766e-05, -0.003261961051816063, 0.0006091785775127357, -0.002163570231250218, 0.0016251340979911736, -0.0004931734407632412, 6.81247296694005e-05, -3.554940863243162e-06], [0.007376617223822423, 0.022783713109458176, -0.018065679758074108, 0.00518988804729998, -0.0005367048416819081, -6.075900352502813e-06, 2.9756563730924877e-06, 0.00023751162825764598, -0.001273801807852492, 0.0015118907945349468, -0.000858019859841651, 0.00023668629464875521, -3.129956149686405e-05, 1.5948038405828117e-06], [-0.0020378570546371057, -0.001111485579788457, 0.0011717382219819487, -0.0005367048416819081, 0.0001138961127699812, -1.1196595264620008e-05, 4.091497182955979e-07, 4.139285818494269e-05, 0.00044592586667017964, -0.0004615162569848732, 0.0002308192876931826, -5.8992561885190794e-05, 7.42792305671407e-06, -3.659101683774555e-07], [0.0005881891059932322, -0.00019592916650001393, 0.00013050592355313482, -6.075900352502813e-06, -1.1196595264620008e-05, 2.6315833341968147e-06, -1.7492054047847963e-07, -7.241173431868199e-07, -6.4609315511993e-05, 6.44630752031167e-05, -3.0307790903760842e-05, 7.330891708508361e-06, -8.810935712608386e-07, 4.17436372493467e-08], [-5.015282854232665e-05, 1.9759815652019384e-05, -1.5548454350257766e-05, 2.9756563730924877e-06, 4.091497182955979e-07, -1.7492054047847963e-07, 1.3555212031614918e-08, -5.571559922959113e-07, 3.449352547808431e-06, -3.3979937180139123e-06, 1.5435946424107417e-06, -3.5866947390548295e-07, 4.135282399521057e-08, -1.8807798520008524e-09], [1.7225029757220363, -0.009320014993581096, -0.003261961051816063, 0.00023751162825764598, 4.139285818494269e-05, -7.241173431868199e-07, -5.571559922959113e-07, 26.41728309406737, 0.004976578306753243, -0.0944457626801479, 0.009256314896570715, -0.0017264244002494545, 0.0004636091916134169, -4.014987337448599e-05], [-0.009856601070833748, 0.005716006692669404, 0.0006091785775127357, -0.001273801807852492, 0.00044592586667017964, -6.4609315511993e-05, 3.449352547808431e-06, 0.004976578306753243, 0.29630280455192015, -0.1065256713348963, 0.0199404443693028, -0.0009623890142333257, -0.00017404996862261534, 1.7406349627018162e-05], [0.0010123320905203285, 0.001314454777218057, -0.002163570231250218, 0.0015118907945349468, -0.0004615162569848732, 6.44630752031167e-05, -3.3979937180139123e-06, -0.0944457626801479, -0.1065256713348963, 0.07019773416279189, -0.016356444051189432, 0.0010836103255211257, 0.00011391760698946577, -1.3788123025071596e-05], [-0.001345297164651169, -0.0015213075511421258, 0.0016251340979911736, -0.000858019859841651, 0.0002308192876931826, -3.0307790903760842e-05, 1.5435946424107417e-06, 0.009256314896570715, 0.0199404443693028, -0.016356444051189432, 0.004795419137101553, -0.0005139502150320635, -2.1292168554880804e-06, 2.533374905199758e-06], [0.00010695539351782981, 0.0004958921811733045, -0.0004931734407632412, 0.00023668629464875521, -5.8992561885190794e-05, 7.330891708508361e-06, -3.5866947390548295e-07, -0.0017264244002494545, -0.0009623890142333257, 0.0010836103255211257, -0.0005139502150320635, 0.00011151083390271844, -1.1167594236079106e-05, 4.164635080959771e-07], [1.7419940728808556e-05, -7.000713493904237e-05, 6.81247296694005e-05, -3.129956149686405e-05, 7.42792305671407e-06, -8.810935712608386e-07, 4.135282399521057e-08, 0.0004636091916134169, -0.00017404996862261534, 0.00011391760698946577, -2.1292168554880804e-06, -1.1167594236079106e-05, 2.508974074960065e-06, -1.6360880319550417e-07], [-2.1162965302674476e-06, 3.6669879736178924e-06, -3.554940863243162e-06, 1.5948038405828117e-06, -3.659101683774555e-07, 4.17436372493467e-08, -1.8807798520008524e-09, -4.014987337448599e-05, 1.7406349627018162e-05, -1.3788123025071596e-05, 2.533374905199758e-06, 4.164635080959771e-07, -1.6360880319550417e-07, 1.2451749563499245e-08]], [[35.77773307487333, 0.020493211397071758, -0.1384314452299856, 0.03309098343291682, -0.006022388929953756, 0.0001659887475141278, 0.00012532947375423588, -1.2857039088545698e-05, 1.7566061891985274, -0.0049377876166712, -0.0002520391630753805, -0.0015340479766058324, 0.0005003891413882325, -0.00013986901762399898, 2.3408802854697607e-05, -1.4821896643327425e-06], [0.020493211397071758, 0.36560004142960767, -0.1502054494545348, 0.03505489060634253, -0.003152834225539241, -0.00022616238482304322, 6.38545087137773e-05, -3.413680002783054e-06, -0.004999353053817527, 0.010712055088373924, -0.003366702598111386, 0.0006628332675927375, -1.899514105763823e-05, -1.503082128158591e-05, 2.4396045171111516e-06, -1.228219765944606e-07], [-0.1384314452299856, -0.1502054494545348, 0.10490147834717986, -0.029201316974976278, 0.002932163688796879, 0.00019772073215893892, -6.220175529210984e-05, 3.487050308930509e-06, -0.006661276916368248, -0.0038420872257391666, 0.002298130819172757, -0.0005531033883052968, 3.133469799445677e-05, 1.093606181892461e-05, -2.101062396482552e-06, 1.110890336699447e-07], [0.03309098343291682, 0.03505489060634253, -0.029201316974976278, 0.009807856628611203, -0.0012208902745932326, -5.7962074352522726e-05, 2.6715009668256956e-05, -1.7179218583477729e-06, 0.0016259756446640036, 0.0007356204140967234, -0.0006047807833000001, 0.000192405250432617, -1.795878466697224e-05, -3.279512895218702e-06, 8.32287696856591e-07, -4.995361597589357e-08], [-0.006022388929953756, -0.003152834225539241, 0.002932163688796879, -0.0012208902745932326, 0.00019415044317909488, 4.736178376792624e-06, -4.3694415380097804e-06, 3.239247043655364e-07, -0.00019309886619468602, -2.4614394772677874e-05, 4.623602772054202e-05, -2.2188046777308133e-05, 2.9924367313976145e-06, 3.8401280919154875e-07, -1.3172257217229172e-07, 9.016529904727458e-09], [0.0001659887475141278, -0.00022616238482304322, 0.00019772073215893892, -5.7962074352522726e-05, 4.736178376792624e-06, 5.411697026569467e-07, -9.552485418874029e-08, 2.88044481252552e-09, -7.337542014085212e-06, -1.2820687603196988e-05, 7.273977904007698e-06, -1.7895903418764008e-06, 1.3203012801294853e-07, 1.9969259205568628e-08, -3.832810822558806e-09, 1.6193778908660878e-10], [0.00012532947375423588, 6.38545087137773e-05, -6.220175529210984e-05, 2.6715009668256956e-05, -4.3694415380097804e-06, -9.552485418874029e-08, 9.944491376820874e-08, -7.543113673866701e-09, 5.704796042520089e-06, 1.8666018524726344e-06, -1.5018505598203104e-06, 5.94083864144857e-07, -8.054212975347191e-08, -8.43732338747224e-09, 3.2324205807638e-09, -2.2935995818756417e-10], [-1.2857039088545698e-05, -3.413680002783054e-06, 3.487050308930509e-06, -1.7179218583477729e-06, 3.239247043655364e-07, 2.88044481252552e-09, -7.543113673866701e-09, 6.192344436904103e-10, -4.946063868453954e-07, -7.663414411910585e-08, 7.275789875567422e-08, -3.575343678452104e-08, 5.846982901123067e-09, 5.256249103003096e-10, -2.4630893537608724e-10, 1.883935843160949e-11], [1.7566061891985274, -0.004999353053817527, -0.006661276916368248, 0.0016259756446640036, -0.00019309886619468602, -7.337542014085212e-06, 5.704796042520089e-06, -4.946063868453954e-07, 26.54668612189893, 0.038601131703039936, -0.1267216641476459, 0.024638779687031147, -0.003885063006608887, 5.929897745588916e-05, 9.442801381828042e-05, -9.54709711460772e-06], [-0.0049377876166712, 0.010712055088373924, -0.0038420872257391666, 0.0007356204140967234, -2.4614394772677874e-05, -1.2820687603196988e-05, 1.8666018524726344e-06, -7.663414411910585e-08, 0.038601131703039936, 0.3167887622709394, -0.12575409188546152, 0.0281062263433295, -0.002326886832429085, -0.00019221345841289304, 4.651980922242533e-05, -2.2604823521288758e-06], [-0.0002520391630753805, -0.003366702598111386, 0.002298130819172757, -0.0006047807833000001, 4.623602772054202e-05, 7.273977904007698e-06, -1.5018505598203104e-06, 7.275789875567422e-08, -0.1267216641476459, -0.12575409188546152, 0.08822586306027422, -0.023978138105102385, 0.002292328638584545, 0.00016580577674310252, -4.742210569520644e-05, 2.5117085194986984e-06], [-0.0015340479766058324, 0.0006628332675927375, -0.0005531033883052968, 0.000192405250432617, -2.2188046777308133e-05, -1.7895903418764008e-06, 5.94083864144857e-07, -3.575343678452104e-08, 0.024638779687031147, 0.0281062263433295, -0.023978138105102385, 0.008025048742280808, -0.000984784091027076, -4.794878783147904e-05, 2.1291752014201416e-05, -1.347118686730503e-06], [0.0005003891413882325, -1.899514105763823e-05, 3.133469799445677e-05, -1.795878466697224e-05, 2.9924367313976145e-06, 1.3203012801294853e-07, -8.054212975347191e-08, 5.846982901123067e-09, -0.003885063006608887, -0.002326886832429085, 0.002292328638584545, -0.000984784091027076, 0.0001596484100007586, 3.6815705159329356e-06, -3.58773540146646e-06, 2.6713086588090156e-07], [-0.00013986901762399898, -1.503082128158591e-05, 1.093606181892461e-05, -3.279512895218702e-06, 3.8401280919154875e-07, 1.9969259205568628e-08, -8.43732338747224e-09, 5.256249103003096e-10, 5.929897745588916e-05, -0.00019221345841289304, 0.00016580577674310252, -4.794878783147904e-05, 3.6815705159329356e-06, 4.624684751663098e-07, -7.084499683803471e-08, 1.4724077764652154e-09], [2.3408802854697607e-05, 2.4396045171111516e-06, -2.101062396482552e-06, 8.32287696856591e-07, -1.3172257217229172e-07, -3.832810822558806e-09, 3.2324205807638e-09, -2.4630893537608724e-10, 9.442801381828042e-05, 4.651980922242533e-05, -4.742210569520644e-05, 2.1291752014201416e-05, -3.58773540146646e-06, -7.084499683803471e-08, 8.144471418327151e-08, -6.217793208515374e-09], [-1.4821896643327425e-06, -1.228219765944606e-07, 1.110890336699447e-07, -4.995361597589357e-08, 9.016529904727458e-09, 1.6193778908660878e-10, -2.2935995818756417e-10, 1.883935843160949e-11, -9.54709711460772e-06, -2.2604823521288758e-06, 2.5117085194986984e-06, -1.347118686730503e-06, 2.6713086588090156e-07, 1.4724077764652154e-09, -6.217793208515374e-09, 5.168787531980754e-10]]], "B_list": [{"B_diag": [1.328305124639425], "B_by_diag": [0.054554024481762074]}, {"B_diag": [0.05351470279519782], "B_by_diag": [0.0016368443441635925]}, {"B_diag": [0.0071008475191699245], "B_by_diag": [0.00018427459847469434]}, {"B_diag": [0.0017736387139584023], "B_by_diag": [5.355293115553962e-05]}, {"B_diag": [0.0006512836043517532], "B_by_diag": [2.469185167373997e-05]}, {"B_diag": [0.00027748432772386653], "B_by_diag": [1.1483474182210726e-05]}, {"B_diag": [0.00019030828076198135], "B_by_diag": [4.5423308342782136e-05]}, {"B_diag": [0.00012137378561868354], "B_by_diag": [4.767965381476145e-06]}], "bic_scores": [207.07337597297834, 39.28895518160924, -49.4687724440284, -92.74050221532796, -105.8526918267739, -100.68096463555224, -58.081227541705175, -21.214356761506508], "best_bic": -105.8526918267739, "best_bic_A": [[36.778741401437955, 0.01692866525839725, -0.1122549438066192, 0.014627291741751477, -0.0008539989438244481, 1.8058943450887528, -0.005427301367087155, -0.0027403240996479094, -9.46326999402987e-05, 1.7862730173948515e-05], [0.01692866525839725, 0.3237438959848606, -0.09917073784685392, 0.01504780833125128, -0.0008538530672709162, -0.007831587879367906, 0.010411857532534293, -0.0026083384289461334, 0.00040243357546147047, -2.3815220969385372e-05], [-0.1122549438066192, -0.09917073784685392, 0.053724556593055646, -0.009755971895733436, 0.0006002478365381139, -0.004581706387068613, -0.0031430202016155787, 0.0014485164984894287, -0.00023196951764369408, 1.3450435974575738e-05], [0.014627291741751477, 0.01504780833125128, -0.009755971895733436, 0.0019784374234066192, -0.0001305067064738984, 0.0008991639670608585, 0.0004902537427533694, -0.0002681251129961192, 4.720227847366616e-05, -2.9095572898595475e-06], [-0.0008539989438244481, -0.0008538530672709162, 0.0006002478365381139, -0.0001305067064738984, 9.039814955935112e-06, -6.346063714386308e-05, -2.8362558384807807e-05, 1.6548802831371845e-05, -3.1238115382336165e-06, 2.0312789502879246e-07], [1.8058943450887528, -0.007831587879367906, -0.004581706387068613, 0.0008991639670608585, -6.346063714386308e-05, 27.23699627487188, 0.01774098102007361, -0.10669749025394067, 0.013346563947699383, -0.00075819384309968], [-0.005427301367087155, 0.010411857532534293, -0.0031430202016155787, 0.0004902537427533694, -2.8362558384807807e-05, 0.01774098102007361, 0.29442664758402937, -0.09096221152780112, 0.013821336110448982, -0.0007846066026581646], [-0.0027403240996479094, -0.0026083384289461334, 0.0014485164984894287, -0.0002681251129961192, 1.6548802831371845e-05, -0.10669749025394067, -0.09096221152780112, 0.05018807905084576, -0.009159627502558835, 0.0005643203757582443], [-9.46326999402987e-05, 0.00040243357546147047, -0.00023196951764369408, 4.720227847366616e-05, -3.1238115382336165e-06, 0.013346563947699383, 0.013821336110448982, -0.009159627502558835, 0.0018677933368836093, -0.00012338236769293822], [1.7862730173948515e-05, -2.3815220969385372e-05, 1.3450435974575738e-05, -2.9095572898595475e-06, 2.0312789502879246e-07, -0.00075819384309968, -0.0007846066026581646, 0.0005643203757582443, -0.00012338236769293822, 8.559717670734722e-06]], "best_bic_B": {"B_diag": [0.0006512836043517532], "B_by_diag": [2.469185167373997e-05]}, "best_bic_deg": 5, "best_bic_deg_idx": 4, "aic_scores": [201.83751456742309, 26.72288780827664, -73.55373490958256, -132.53304889754787, -165.54151185010377, -184.45474712443627, -170.12866162058754, -165.72413155483144], "best_aic": -184.45474712443627, "best_aic_A": [[36.82610367235963, -0.02485345165511825, -0.07003545894309084, -0.0024205984328666626, 0.001999627171507219, -0.00017186829208891533, 1.7993647386937246, -0.007161071844006719, -0.0015730829542902475, -0.0006537105778976482, 0.00010873594407132675, -6.275091168946555e-06], [-0.02485345165511825, 0.3356279450805664, -0.1249016792402721, 0.02741030742172849, -0.0030520785737641423, 0.00013340700934753885, -0.008590433454010633, 0.008801134124446308, -0.0018746037447913803, 0.00024250919667101033, -6.010595893459663e-06, -8.078951501743498e-07], [-0.07003545894309084, -0.1249016792402721, 0.08437292530553261, -0.02288477099945339, 0.0028756782186441644, -0.00013837983508700483, -0.0036626773137004268, -0.0022446281490340132, 0.0009816164391750863, -0.00014218387634439, 6.914034688892175e-06, 1.1239945732420103e-07], [-0.0024205984328666626, 0.02741030742172849, -0.02288477099945339, 0.007403484720647411, -0.001060960444918199, 5.6523219138271474e-05, 0.00044519683964272316, 0.0002762310538083881, -0.00016882174131766133, 3.731840600513267e-05, -4.243351969952444e-06, 1.873497935384474e-07], [0.001999627171507219, -0.0030520785737641423, 0.0028756782186441644, -0.001060960444918199, 0.0001680008425832234, -9.644821448414047e-06, 1.8949771606716486e-05, -5.016097988004295e-06, 9.243287974835309e-06, -4.564162164526469e-06, 9.188689912692968e-07, -6.101928791388683e-08], [-0.00017186829208891533, 0.00013340700934753885, -0.00013837983508700483, 5.6523219138271474e-05, -9.644821448414047e-06, 5.845815310019774e-07, -5.4695673203702975e-06, -8.929892921616734e-07, 3.238063481008426e-08, 2.2479502204940732e-07, -6.467979244595687e-08, 4.954063738702432e-09], [1.7993647386937246, -0.008590433454010633, -0.0036626773137004268, 0.00044519683964272316, 1.8949771606716486e-05, -5.4695673203702975e-06, 27.26327170600177, -0.011148768281213521, -0.07310030234835302, -0.00039537037250759327, 0.001578686517234782, -0.00013911395259469202], [-0.007161071844006719, 0.008801134124446308, -0.0022446281490340132, 0.0002762310538083881, -5.016097988004295e-06, -8.929892921616734e-07, -0.011148768281213521, 0.2949657578702699, -0.10769805088236006, 0.023113308360766843, -0.0025056395560393244, 0.00010558844002996247], [-0.0015730829542902475, -0.0018746037447913803, 0.0009816164391750863, -0.00016882174131766133, 9.243287974835309e-06, 3.238063481008426e-08, -0.07310030234835302, -0.10769805088236006, 0.07334721712382641, -0.01967719096250342, 0.0024314036098043402, -0.00011466482225132436], [-0.0006537105778976482, 0.00024250919667101033, -0.00014218387634439, 3.731840600513267e-05, -4.564162164526469e-06, 2.2479502204940732e-07, -0.00039537037250759327, 0.023113308360766843, -0.01967719096250342, 0.006367548948644592, -0.0009076549479591412, 4.798751539904843e-05], [0.00010873594407132675, -6.010595893459663e-06, 6.914034688892175e-06, -4.243351969952444e-06, 9.188689912692968e-07, -6.467979244595687e-08, 0.001578686517234782, -0.0025056395560393244, 0.0024314036098043402, -0.0009076549479591412, 0.00014423714494707192, -8.277460423231754e-06], [-6.275091168946555e-06, -8.078951501743498e-07, 1.1239945732420103e-07, 1.873497935384474e-07, -6.101928791388683e-08, 4.954063738702432e-09, -0.00013911395259469202, 0.00010558844002996247, -0.00011466482225132436, 4.798751539904843e-05, -8.277460423231754e-06, 5.038746902544508e-07]], "best_aic_B": {"B_diag": [0.00027748432772386653], "B_by_diag": [1.1483474182210726e-05]}, "best_aic_deg": 6, "best_aic_deg_idx": 5, "lr": [{"class_name": "PiecewiseConstantDecay", "config": {"boundaries": [21300], "values": [0.01, 0.001], "name": null}}, {"class_name": "PiecewiseConstantDecay", "config": {"boundaries": [21300], "values": [0.01, 0.001], "name": null}}, {"class_name": "PiecewiseConstantDecay", "config": {"boundaries": [21300], "values": [0.01, 0.001], "name": null}}, {"class_name": "PiecewiseConstantDecay", "config": {"boundaries": [21300], "values": [0.01, 0.001], "name": null}}, {"class_name": "PiecewiseConstantDecay", "config": {"boundaries": [21300], "values": [0.01, 0.001], "name": null}}, {"class_name": "PiecewiseConstantDecay", "config": {"boundaries": [21300], "values": [0.01, 0.001], "name": null}}, {"class_name": "PiecewiseConstantDecay", "config": {"boundaries": [21300], "values": [0.01, 0.001], "name": null}}, {"class_name": "PiecewiseConstantDecay", "config": {"boundaries": [21300], "values": [0.01, 0.001], "name": null}}], "optimizer": [{"class_name": "Adam", "config": {"name": "Adam", "learning_rate": {"class_name": "PiecewiseConstantDecay", "config": {"boundaries": [21300], "values": [0.01, 0.001], "name": null}}, "decay": 0.0, "beta_1": 0.9, "beta_2": 0.999, "epsilon": 1e-07, "amsgrad": false}}, {"class_name": "Adam", "config": {"name": "Adam", "learning_rate": {"class_name": "PiecewiseConstantDecay", "config": {"boundaries": [21300], "values": [0.01, 0.001], "name": null}}, "decay": 0.0, "beta_1": 0.9, "beta_2": 0.999, "epsilon": 1e-07, "amsgrad": false}}, {"class_name": "Adam", "config": {"name": "Adam", "learning_rate": {"class_name": "PiecewiseConstantDecay", "config": {"boundaries": [21300], "values": [0.01, 0.001], "name": null}}, "decay": 0.0, "beta_1": 0.9, "beta_2": 0.999, "epsilon": 1e-07, "amsgrad": false}}, {"class_name": "Adam", "config": {"name": "Adam", "learning_rate": {"class_name": "PiecewiseConstantDecay", "config": {"boundaries": [21300], "values": [0.01, 0.001], "name": null}}, "decay": 0.0, "beta_1": 0.9, "beta_2": 0.999, "epsilon": 1e-07, "amsgrad": false}}, {"class_name": "Adam", "config": {"name": "Adam", "learning_rate": {"class_name": "PiecewiseConstantDecay", "config": {"boundaries": [21300], "values": [0.01, 0.001], "name": null}}, "decay": 0.0, "beta_1": 0.9, "beta_2": 0.999, "epsilon": 1e-07, "amsgrad": false}}, {"class_name": "Adam", "config": {"name": "Adam", "learning_rate": {"class_name": "PiecewiseConstantDecay", "config": {"boundaries": [21300], "values": [0.01, 0.001], "name": null}}, "decay": 0.0, "beta_1": 0.9, "beta_2": 0.999, "epsilon": 1e-07, "amsgrad": false}}, {"class_name": "Adam", "config": {"name": "Adam", "learning_rate": {"class_name": "PiecewiseConstantDecay", "config": {"boundaries": [21300], "values": [0.01, 0.001], "name": null}}, "decay": 0.0, "beta_1": 0.9, "beta_2": 0.999, "epsilon": 1e-07, "amsgrad": false}}, {"class_name": "Adam", "config": {"name": "Adam", "learning_rate": {"class_name": "PiecewiseConstantDecay", "config": {"boundaries": [21300], "values": [0.01, 0.001], "name": null}}, "decay": 0.0, "beta_1": 0.9, "beta_2": 0.999, "epsilon": 1e-07, "amsgrad": false}}], "epochs": 200, "best_epochs": [180, 157, 151, 195, 153, 195, 199, 195], "batch_size": 1024}