{"degree": [1, 2, 3, 4, 5, 6, 7, 8], "losses": [146.01417111832518, -24.843158241808805, -117.6697783825718, -173.93132082940224, -213.32386581554454, -247.48728344876207, -249.51425298053985, -277.1948662433452], "A_list": [[[2.6029608187573885, -0.1535003142010884], [-0.1535003142010884, 1.3173920945323851]], [[16.550179730733547, -0.1439059933415904, 0.46046740065537484, 0.0006271618331373265], [-0.1439059933415904, 0.08557748902948133, -0.011798988850342196, 0.002790681824690707], [0.46046740065537484, -0.011798988850342196, 24.574137962766986, -0.27851072177080594], [0.0006271618331373265, 0.002790681824690707, -0.27851072177080594, 0.07316214042003706]], [[30.221751814618038, -0.13914132314194383, -0.026009816072403855, 3.391502228110749, -0.020712091170486557, -0.0036782456198238785], [-0.13914132314194383, 0.18701869129660087, -0.014403442775237595, -0.015413881399415907, 0.0038313419399358664, -5.4745575375374534e-05], [-0.026009816072403855, -0.014403442775237595, 0.00210804672723551, -0.002456488761420123, -0.0003181469914546672, 4.50651152297967e-05], [3.391502228110749, -0.015413881399415907, -0.002456488761420123, 21.10703402602635, -0.1385013678658198, -0.021908501853658238], [-0.020712091170486557, 0.0038313419399358664, -0.0003181469914546672, -0.1385013678658198, 0.18080528820233133, -0.014380427392909258], [-0.0036782456198238785, -5.4745575375374534e-05, 4.50651152297967e-05, -0.021908501853658238, -0.014380427392909258, 0.0020776609528135597]], [[25.574200639028355, -0.008846056001308989, -0.05282583887441088, 0.003195591214416171, 0.8920127817200428, 0.00015863704319986943, -0.0019996645304792707, 2.912125050413572e-05], [-0.008846056001308989, 0.23027579267503814, -0.04203519045322256, 0.0029007597889769174, -0.013693085962124417, 0.00594820230049727, -0.0006347566255516556, 3.788570648176833e-05], [-0.05282583887441088, -0.04203519045322256, 0.01647473512718749, -0.0015279096371047128, 0.0009881901792615014, -0.0012291824755743016, 0.0003838781710534669, -2.8699789104084397e-05], [0.003195591214416171, 0.0029007597889769174, -0.0015279096371047128, 0.0001625429190793284, -5.838636165111916e-06, 8.784488832535382e-05, -3.830508571911571e-05, 3.4455803767138887e-06], [0.8920127817200428, -0.013693085962124417, 0.0009881901792615014, -5.838636165111916e-06, 24.131994032733868, -0.0805462800330805, -0.04558051087187262, 0.0024140955951459054], [0.00015863704319986943, 0.00594820230049727, -0.0012291824755743016, 8.784488832535382e-05, -0.0805462800330805, 0.2231937319228825, -0.04113196314364798, 0.0028041955476605994], [-0.0019996645304792707, -0.0006347566255516556, 0.0003838781710534669, -3.830508571911571e-05, -0.04558051087187262, -0.04113196314364798, 0.015843256183971356, -0.0014611576130383163], [2.912125050413572e-05, 3.788570648176833e-05, -2.8699789104084397e-05, 3.4455803767138887e-06, 0.0024140955951459054, 0.0028041955476605994, -0.0014611576130383163, 0.0001551019611466949]], [[30.965444024565553, 0.02917053483324569, -0.0991479709809412, 0.01505978443579407, -0.0011621190947129797, 1.1488378528657563, -0.02414832038333338, 0.014027612481651838, -0.0038280242073267684, 0.00031623672355757124], [0.02917053483324569, 0.2808991978412071, -0.0839861539503278, 0.014033031549081773, -0.0009321604417657783, -0.062469919065399344, 0.008926574441893797, -0.002361515392405007, 0.00044694242893752767, -3.407525396064952e-05], [-0.0991479709809412, -0.0839861539503278, 0.0504369256402005, -0.010640072225634924, 0.0007780703680129112, 0.04142915059171084, -0.0030031540222169363, 0.001444656770279339, -0.00030134158761285426, 2.295373022725762e-05], [0.01505978443579407, 0.014033031549081773, -0.010640072225634924, 0.002617570154907605, -0.0002105508191180304, -0.010303953059886897, 0.0005193179509510435, -0.0003200337078966235, 7.710741466285659e-05, -6.267124011722909e-06], [-0.0011621190947129797, -0.0009321604417657783, 0.0007780703680129112, -0.0002105508191180304, 1.8083494755418762e-05, 0.0008409189315255619, -3.415620700839429e-05, 2.351750642391039e-05, -6.27473108825666e-06, 5.443262131833687e-07], [1.1488378528657563, -0.062469919065399344, 0.04142915059171084, -0.010303953059886897, 0.0008409189315255619, 23.885623554913156, 0.13762478064754416, -0.1562967837312807, 0.026554163018815625, -0.0019526486624041046], [-0.02414832038333338, 0.008926574441893797, -0.0030031540222169363, 0.0005193179509510435, -3.415620700839429e-05, 0.13762478064754416, 0.24471782690337954, -0.07125042307993364, 0.011621072820431486, -0.0007624802487468726], [0.014027612481651838, -0.002361515392405007, 0.001444656770279339, -0.0003200337078966235, 2.351750642391039e-05, -0.1562967837312807, -0.07125042307993364, 0.0442027177661985, -0.00931606428232029, 0.0006792320457244609], [-0.0038280242073267684, 0.00044694242893752767, -0.00030134158761285426, 7.710741466285659e-05, -6.27473108825666e-06, 0.026554163018815625, 0.011621072820431486, -0.00931606428232029, 0.0023089872854530616, -0.0001860458174971716], [0.00031623672355757124, -3.407525396064952e-05, 2.295373022725762e-05, -6.267124011722909e-06, 5.443262131833687e-07, -0.0019526486624041046, -0.0007624802487468726, 0.0006792320457244609, -0.0001860458174971716, 1.604532871453743e-05]], [[33.50586465585726, 0.013126498855523432, -0.07762500086595861, -0.0030099521687182297, 0.003520591710547689, -0.0003937886884367007, 1.5993803746468664, -0.0020891874116005927, -0.0005375535181074281, -0.0016219940696666543, 0.0004772920681214085, -3.9059096238601974e-05], [0.013126498855523432, 0.32981853833641667, -0.12843279154466858, 0.030776657831685553, -0.003785977018553051, 0.00018260133352274234, 0.0022945228527975715, 0.005065816907254536, 0.001126544188955688, -0.0009131466520005127, 0.0002048342692350896, -1.529493248156124e-05], [-0.07762500086595861, -0.12843279154466858, 0.0924507153031826, -0.027730061704539115, 0.003929529938823527, -0.0002158702414312887, -0.006310162383339784, 0.00021735978533065118, -0.0013101015065291877, 0.000789804009743704, -0.00017030326582243775, 1.2597646737126589e-05], [-0.0030099521687182297, 0.030776657831685553, -0.027730061704539115, 0.010258743963935859, -0.0017254872457429394, 0.00010946119612991472, 0.0012761840716083116, -0.0005080882263288457, 0.0006030948406663111, -0.0002918707257580236, 5.887409386991888e-05, -4.197577116178936e-06], [0.003520591710547689, -0.003785977018553051, 0.003929529938823527, -0.0017254872457429394, 0.0003326169527770174, -2.3422485535817447e-05, -0.0001284824682384326, 0.00011690311020341616, -0.00011856065896320646, 5.068703605044675e-05, -9.464336795795547e-06, 6.33731298186281e-07], [-0.0003937886884367007, 0.00018260133352274234, -0.0002158702414312887, 0.00010946119612991472, -2.3422485535817447e-05, 1.7761902769537472e-06, 5.419512083040857e-06, -8.335420860052926e-06, 8.179389595702763e-06, -3.272153714115545e-06, 5.68078872872638e-07, -3.496215586825673e-08], [1.5993803746468664, 0.0022945228527975715, -0.006310162383339784, 0.0012761840716083116, -0.0001284824682384326, 5.419512083040857e-06, 27.23906893708472, 0.028631264370771188, -0.09090105911700558, 6.326435775354244e-06, 0.0029377122829530034, -0.0003468230000383183], [-0.0020891874116005927, 0.005065816907254536, 0.00021735978533065118, -0.0005080882263288457, 0.00011690311020341616, -8.335420860052926e-06, 0.028631264370771188, 0.28540994949606757, -0.10652869679545526, 0.024524735642043827, -0.002921261496322434, 0.0001356731135388603], [-0.0005375535181074281, 0.001126544188955688, -0.0013101015065291877, 0.0006030948406663111, -0.00011856065896320646, 8.179389595702763e-06, -0.09090105911700558, -0.10652869679545526, 0.0774530134117706, -0.022891834349181038, 0.003190591562842934, -0.00017208905428778645], [-0.0016219940696666543, -0.0009131466520005127, 0.000789804009743704, -0.0002918707257580236, 5.068703605044675e-05, -3.272153714115545e-06, 6.326435775354244e-06, 0.024524735642043827, -0.022891834349181038, 0.008496916710926332, -0.0014264714785969302, 9.006526988401736e-05], [0.0004772920681214085, 0.0002048342692350896, -0.00017030326582243775, 5.887409386991888e-05, -9.464336795795547e-06, 5.68078872872638e-07, 0.0029377122829530034, -0.002921261496322434, 0.003190591562842934, -0.0014264714785969302, 0.0002769984962194921, -1.9535821556380152e-05], [-3.9059096238601974e-05, -1.529493248156124e-05, 1.2597646737126589e-05, -4.197577116178936e-06, 6.33731298186281e-07, -3.496215586825673e-08, -0.0003468230000383183, 0.0001356731135388603, -0.00017208905428778645, 9.006526988401736e-05, -1.9535821556380152e-05, 1.4890541772274012e-06]], [[33.89012603926326, -0.1365551035898848, -0.06746458421546785, 0.02399740061413375, -0.011467145614034594, 0.0026253565631204553, -0.00021272721088118788, 1.7792613959851409, -0.009258425725767072, -0.011659775599494535, 0.004650838510450591, -0.0015767133381150722, 0.00029729239218559503, -2.205439332109379e-05], [-0.1365551035898848, 0.3314514388427532, -0.1314219922321364, 0.027390564211677612, -0.0009612540035988517, -0.0004976932471699434, 5.401160453221762e-05, -0.008584120314722086, 0.008945517024164396, -0.0031487576067839146, 0.0006566404032717578, -3.8107256618304276e-05, -5.578265841665197e-06, 6.681164655207766e-07], [-0.06746458421546785, -0.1314219922321364, 0.09069610694029022, -0.021743890572871547, 0.0006479490141739347, 0.0004742212957600851, -5.1002259661305726e-05, -0.005962412728434349, -0.003739722981787253, 0.002004845564933292, -0.00035539920695558445, -2.390706078297086e-05, 1.4975562723894481e-05, -1.3086874984235241e-06], [0.02399740061413375, 0.027390564211677612, -0.021743890572871547, 0.00596037801373224, -0.00023387025838991963, -0.00013838403846739962, 1.5824942422323475e-05, 0.000895362462517092, 0.0006262921227973162, -0.0003031429801078089, 4.3285290268677777e-05, 1.5154436939847525e-05, -5.466813810964259e-06, 4.740136216106953e-07], [-0.011467145614034594, -0.0009612540035988517, 0.0006479490141739347, -0.00023387025838991963, 2.5307035579220258e-05, 2.915957233751413e-06, -5.217911946878141e-07, -0.00016816217307513402, 2.4415976253246736e-05, -5.04856042094183e-05, 1.620526148687526e-05, -3.069015521032866e-06, 4.280131747814651e-07, -2.987709440502946e-08], [0.0026253565631204553, -0.0004976932471699434, 0.0004742212957600851, -0.00013838403846739962, 2.915957233751413e-06, 4.38445643099715e-06, -4.928200925208189e-07, 5.591683815810853e-05, -1.979761016826845e-05, 1.926241576383931e-05, -5.328488456985182e-06, 2.7931817160022224e-07, 9.861230592716379e-08, -1.2146763164366118e-08], [-0.00021272721088118788, 5.401160453221762e-05, -5.1002259661305726e-05, 1.5824942422323475e-05, -5.217911946878141e-07, -4.928200925208189e-07, 5.844957501546821e-08, -5.234070130523775e-06, 1.780179827685166e-06, -1.572653148423343e-06, 4.3631834893292783e-07, -8.855330558936304e-09, -1.3921585036613599e-08, 1.6016772585399387e-09], [1.7792613959851409, -0.008584120314722086, -0.005962412728434349, 0.000895362462517092, -0.00016816217307513402, 5.591683815810853e-05, -5.234070130523775e-06, 25.704041853068855, -0.081009235669121, -0.0829583987561949, 0.020721999113042122, -0.008347603483528705, 0.001961113439011065, -0.00016365926388440855], [-0.009258425725767072, 0.008945517024164396, -0.003739722981787253, 0.0006262921227973162, 2.4415976253246736e-05, -1.979761016826845e-05, 1.780179827685166e-06, -0.081009235669121, 0.292748171561381, -0.11198388713884512, 0.022290420242150704, -0.000607194110072105, -0.00042354267939486817, 4.366967225231765e-05], [-0.011659775599494535, -0.0031487576067839146, 0.002004845564933292, -0.0003031429801078089, -5.04856042094183e-05, 1.926241576383931e-05, -1.572653148423343e-06, -0.0829583987561949, -0.11198388713884512, 0.07668697053312665, -0.01779332747499951, 0.0003487872246206151, 0.00042124657965986824, -4.3347215937768795e-05], [0.004650838510450591, 0.0006566404032717578, -0.00035539920695558445, 4.3285290268677777e-05, 1.620526148687526e-05, -5.328488456985182e-06, 4.3631834893292783e-07, 0.020721999113042122, 0.022290420242150704, -0.01779332747499951, 0.004803942738919191, -0.00014572945236454381, -0.00012220539377262859, 1.3500954007636069e-05], [-0.0015767133381150722, -3.8107256618304276e-05, -2.390706078297086e-05, 1.5154436939847525e-05, -3.069015521032866e-06, 2.7931817160022224e-07, -8.855330558936304e-09, -0.008347603483528705, -0.000607194110072105, 0.0003487872246206151, -0.00014572945236454381, 1.676546123217952e-05, 2.4060129023441304e-06, -4.2049765918088173e-07], [0.00029729239218559503, -5.578265841665197e-06, 1.4975562723894481e-05, -5.466813810964259e-06, 4.280131747814651e-07, 9.861230592716379e-08, -1.3921585036613599e-08, 0.001961113439011065, -0.00042354267939486817, 0.00042124657965986824, -0.00012220539377262859, 2.4060129023441304e-06, 3.835704605064061e-06, -4.252192383467312e-07], [-2.205439332109379e-05, 6.681164655207766e-07, -1.3086874984235241e-06, 4.740136216106953e-07, -2.987709440502946e-08, -1.2146763164366118e-08, 1.6016772585399387e-09, -0.00016365926388440855, 4.366967225231765e-05, -4.3347215937768795e-05, 1.3500954007636069e-05, -4.2049765918088173e-07, -4.252192383467312e-07, 4.988235469260197e-08]], [[34.518101184695226, -0.08132965805395405, -0.07657595751834247, 0.013743664822495845, -0.002580257496551424, -0.00045528290487737333, 0.0002995140077743014, -3.2773160201204454e-05, 1.52805698855655, -0.045455909883472756, 0.028426525623389206, -0.010131332022741052, 0.0015356726279612278, -0.0001385162209501505, 1.9807338116081467e-05, -2.0544632031508426e-06], [-0.08132965805395405, 0.3356111542209074, -0.13657674370759207, 0.03188215650690667, -0.002438641177225574, -0.00034984761657745096, 6.713878282346303e-05, -2.3974931278680064e-06, -0.020281930150221044, 0.005585011696805023, 0.0004664339832933176, -0.0010117796035503943, 0.00025776019701563373, 1.3045796235568648e-05, -1.1855482387243478e-05, 1.121770264703333e-06], [-0.07657595751834247, -0.13657674370759207, 0.09921485130495855, -0.028396379859952282, 0.002681115461315523, 0.00028587299494981823, -6.995823957148488e-05, 3.204629679799317e-06, 0.009046971182990016, 0.00044119912151058304, -0.0016676129678573205, 0.0011808954601313468, -0.00023577583487784635, -2.3874014467634107e-05, 1.316536039009073e-05, -1.1735800437884998e-06], [0.013743664822495845, 0.03188215650690667, -0.028396379859952282, 0.01033975818722091, -0.0013939297557567754, -7.676263405603732e-05, 3.717214539084546e-05, -2.5805950728140845e-06, -0.002684767493601927, -0.0011369946917961279, 0.0014014561554233696, -0.0007054806334307817, 0.00012048651854799405, 1.3254034507107941e-05, -6.506214255919014e-06, 5.588193996059944e-07], [-0.002580257496551424, -0.002438641177225574, 0.002681115461315523, -0.0013939297557567754, 0.0002839988811265942, 2.1700968482785224e-06, -8.034296876361293e-06, 7.552742688054598e-07, -0.0002765122912532772, 0.00029235435206125275, -0.0003659127229086396, 0.00016671890068495633, -2.6442697940302312e-05, -2.5429366894857427e-06, 1.2354088154911126e-06, -1.0248129290061052e-07], [-0.00045528290487737333, -0.00034984761657745096, 0.00028587299494981823, -7.676263405603732e-05, 2.1700968482785224e-06, 1.4153973545773662e-06, -4.073150839927019e-09, -2.086391590307245e-08, 0.0002483036575051513, 1.4453041069696872e-05, 2.909272627107686e-06, -1.342023136847507e-06, 4.562618897976177e-08, -3.571899880914257e-08, 1.9998815543588334e-08, -2.227699677259104e-09], [0.0002995140077743014, 6.713878282346303e-05, -6.995823957148488e-05, 3.717214539084546e-05, -8.034296876361293e-06, -4.073150839927019e-09, 2.3377327948718944e-07, -2.3206741329652896e-08, -3.9240753252271426e-05, -1.3398707961762298e-05, 1.113542306863758e-05, -4.837291082842508e-06, 7.801198703942019e-07, 6.985782986115614e-08, -3.534373949522247e-08, 2.943192042499162e-09], [-3.2773160201204454e-05, -2.3974931278680064e-06, 3.204629679799317e-06, -2.5805950728140845e-06, 7.552742688054598e-07, -2.086391590307245e-08, -2.3206741329652896e-08, 2.6666587730551813e-09, 1.94488777773314e-06, 1.301777367693721e-06, -1.161549352075637e-06, 4.990969136818647e-07, -7.835595123724727e-08, -6.4582749152577614e-09, 3.230955438576148e-09, -2.59755385506861e-10], [1.52805698855655, -0.020281930150221044, 0.009046971182990016, -0.002684767493601927, -0.0002765122912532772, 0.0002483036575051513, -3.9240753252271426e-05, 1.94488777773314e-06, 25.889792374554116, -0.0683632759523897, -0.061829752201163615, 0.00712816270678869, -0.0017126556338160233, -0.00034126080422024587, 0.0002514548848842062, -2.8607099630620352e-05], [-0.045455909883472756, 0.005585011696805023, 0.00044119912151058304, -0.0011369946917961279, 0.00029235435206125275, 1.4453041069696872e-05, -1.3398707961762298e-05, 1.301777367693721e-06, -0.0683632759523897, 0.300067065168349, -0.11941145101308796, 0.026584455664670294, -0.00166019296671788, -0.0003651281441498929, 5.914426940272628e-05, -1.8414603257114008e-06], [0.028426525623389206, 0.0004664339832933176, -0.0016676129678573205, 0.0014014561554233696, -0.0003659127229086396, 2.909272627107686e-06, 1.113542306863758e-05, -1.161549352075637e-06, -0.061829752201163615, -0.11941145101308796, 0.08648854828352497, -0.023638789640403588, 0.00182221599370355, 0.00033124638520487884, -6.398003183680898e-05, 2.5755577218188227e-06], [-0.010131332022741052, -0.0010117796035503943, 0.0011808954601313468, -0.0007054806334307817, 0.00016671890068495633, -1.342023136847507e-06, -4.837291082842508e-06, 4.990969136818647e-07, 0.00712816270678869, 0.026584455664670294, -0.023638789640403588, 0.008264773931762778, -0.000975637277517863, -9.874487584769842e-05, 3.297155427879798e-05, -2.109223472768456e-06], [0.0015356726279612278, 0.00025776019701563373, -0.00023577583487784635, 0.00012048651854799405, -2.6442697940302312e-05, 4.562618897976177e-08, 7.801198703942019e-07, -7.835595123724727e-08, -0.0017126556338160233, -0.00166019296671788, 0.00182221599370355, -0.000975637277517863, 0.00019611735035014315, 5.364254167574214e-06, -6.614127807476837e-06, 6.051208478349032e-07], [-0.0001385162209501505, 1.3045796235568648e-05, -2.3874014467634107e-05, 1.3254034507107941e-05, -2.5429366894857427e-06, -3.571899880914257e-08, 6.985782986115614e-08, -6.4582749152577614e-09, -0.00034126080422024587, -0.0003651281441498929, 0.00033124638520487884, -9.874487584769842e-05, 5.364254167574214e-06, 1.8689800604404215e-06, -1.7797647822328621e-07, -7.294726784504101e-09], [1.9807338116081467e-05, -1.1855482387243478e-05, 1.316536039009073e-05, -6.506214255919014e-06, 1.2354088154911126e-06, 1.9998815543588334e-08, -3.534373949522247e-08, 3.230955438576148e-09, 0.0002514548848842062, 5.914426940272628e-05, -6.398003183680898e-05, 3.297155427879798e-05, -6.614127807476837e-06, -1.7797647822328621e-07, 2.2692844678149288e-07, -2.110784700964976e-08], [-2.0544632031508426e-06, 1.121770264703333e-06, -1.1735800437884998e-06, 5.588193996059944e-07, -1.0248129290061052e-07, -2.227699677259104e-09, 2.943192042499162e-09, -2.59755385506861e-10, -2.8607099630620352e-05, -1.8414603257114008e-06, 2.5755577218188227e-06, -2.109223472768456e-06, 6.051208478349032e-07, -7.294726784504101e-09, -2.110784700964976e-08, 2.32699009250298e-09]]], "B_list": [{"B_diag": [0.6783080761119278], "B_by_diag": [0.028682656894846816]}, {"B_diag": [0.023535644593478677], "B_by_diag": [0.0005066347678510541]}, {"B_diag": [0.0030315488241627517], "B_by_diag": [0.00011716119824262746]}, {"B_diag": [0.0008352910063484436], "B_by_diag": [3.4034122775158034e-05]}, {"B_diag": [0.0003289684570417282], "B_by_diag": [1.1102012587302253e-05]}, {"B_diag": [0.00013239973800096866], "B_by_diag": [2.654295902504987e-06]}, {"B_diag": [0.00012928361641634765], "B_by_diag": [6.327243499441171e-06]}, {"B_diag": [5.484869021170665e-05], "B_by_diag": [2.866772201259063e-06]}], "bic_scores": [155.79422863189555, -1.37102020923993, -72.68151382014813, -99.60288372626746, -101.83121016084237, -91.00636323163624, -40.22102219013405, -7.2652788688031364], "best_bic": -101.83121016084237, "best_bic_A": [[30.965444024565553, 0.02917053483324569, -0.0991479709809412, 0.01505978443579407, -0.0011621190947129797, 1.1488378528657563, -0.02414832038333338, 0.014027612481651838, -0.0038280242073267684, 0.00031623672355757124], [0.02917053483324569, 0.2808991978412071, -0.0839861539503278, 0.014033031549081773, -0.0009321604417657783, -0.062469919065399344, 0.008926574441893797, -0.002361515392405007, 0.00044694242893752767, -3.407525396064952e-05], [-0.0991479709809412, -0.0839861539503278, 0.0504369256402005, -0.010640072225634924, 0.0007780703680129112, 0.04142915059171084, -0.0030031540222169363, 0.001444656770279339, -0.00030134158761285426, 2.295373022725762e-05], [0.01505978443579407, 0.014033031549081773, -0.010640072225634924, 0.002617570154907605, -0.0002105508191180304, -0.010303953059886897, 0.0005193179509510435, -0.0003200337078966235, 7.710741466285659e-05, -6.267124011722909e-06], [-0.0011621190947129797, -0.0009321604417657783, 0.0007780703680129112, -0.0002105508191180304, 1.8083494755418762e-05, 0.0008409189315255619, -3.415620700839429e-05, 2.351750642391039e-05, -6.27473108825666e-06, 5.443262131833687e-07], [1.1488378528657563, -0.062469919065399344, 0.04142915059171084, -0.010303953059886897, 0.0008409189315255619, 23.885623554913156, 0.13762478064754416, -0.1562967837312807, 0.026554163018815625, -0.0019526486624041046], [-0.02414832038333338, 0.008926574441893797, -0.0030031540222169363, 0.0005193179509510435, -3.415620700839429e-05, 0.13762478064754416, 0.24471782690337954, -0.07125042307993364, 0.011621072820431486, -0.0007624802487468726], [0.014027612481651838, -0.002361515392405007, 0.001444656770279339, -0.0003200337078966235, 2.351750642391039e-05, -0.1562967837312807, -0.07125042307993364, 0.0442027177661985, -0.00931606428232029, 0.0006792320457244609], [-0.0038280242073267684, 0.00044694242893752767, -0.00030134158761285426, 7.710741466285659e-05, -6.27473108825666e-06, 0.026554163018815625, 0.011621072820431486, -0.00931606428232029, 0.0023089872854530616, -0.0001860458174971716], [0.00031623672355757124, -3.407525396064952e-05, 2.295373022725762e-05, -6.267124011722909e-06, 5.443262131833687e-07, -0.0019526486624041046, -0.0007624802487468726, 0.0006792320457244609, -0.0001860458174971716, 1.604532871453743e-05]], "best_bic_B": {"B_diag": [0.0003289684570417282], "B_by_diag": [1.1102012587302253e-05]}, "best_bic_deg": 5, "best_bic_deg_idx": 4, "aic_scores": [151.01417111832518, -12.843158241808805, -94.6697783825718, -135.93132082940224, -156.32386581554454, -167.48728344876207, -142.51425298053985, -139.1948662433452], "best_aic": -167.48728344876207, "best_aic_A": [[33.50586465585726, 0.013126498855523432, -0.07762500086595861, -0.0030099521687182297, 0.003520591710547689, -0.0003937886884367007, 1.5993803746468664, -0.0020891874116005927, -0.0005375535181074281, -0.0016219940696666543, 0.0004772920681214085, -3.9059096238601974e-05], [0.013126498855523432, 0.32981853833641667, -0.12843279154466858, 0.030776657831685553, -0.003785977018553051, 0.00018260133352274234, 0.0022945228527975715, 0.005065816907254536, 0.001126544188955688, -0.0009131466520005127, 0.0002048342692350896, -1.529493248156124e-05], [-0.07762500086595861, -0.12843279154466858, 0.0924507153031826, -0.027730061704539115, 0.003929529938823527, -0.0002158702414312887, -0.006310162383339784, 0.00021735978533065118, -0.0013101015065291877, 0.000789804009743704, -0.00017030326582243775, 1.2597646737126589e-05], [-0.0030099521687182297, 0.030776657831685553, -0.027730061704539115, 0.010258743963935859, -0.0017254872457429394, 0.00010946119612991472, 0.0012761840716083116, -0.0005080882263288457, 0.0006030948406663111, -0.0002918707257580236, 5.887409386991888e-05, -4.197577116178936e-06], [0.003520591710547689, -0.003785977018553051, 0.003929529938823527, -0.0017254872457429394, 0.0003326169527770174, -2.3422485535817447e-05, -0.0001284824682384326, 0.00011690311020341616, -0.00011856065896320646, 5.068703605044675e-05, -9.464336795795547e-06, 6.33731298186281e-07], [-0.0003937886884367007, 0.00018260133352274234, -0.0002158702414312887, 0.00010946119612991472, -2.3422485535817447e-05, 1.7761902769537472e-06, 5.419512083040857e-06, -8.335420860052926e-06, 8.179389595702763e-06, -3.272153714115545e-06, 5.68078872872638e-07, -3.496215586825673e-08], [1.5993803746468664, 0.0022945228527975715, -0.006310162383339784, 0.0012761840716083116, -0.0001284824682384326, 5.419512083040857e-06, 27.23906893708472, 0.028631264370771188, -0.09090105911700558, 6.326435775354244e-06, 0.0029377122829530034, -0.0003468230000383183], [-0.0020891874116005927, 0.005065816907254536, 0.00021735978533065118, -0.0005080882263288457, 0.00011690311020341616, -8.335420860052926e-06, 0.028631264370771188, 0.28540994949606757, -0.10652869679545526, 0.024524735642043827, -0.002921261496322434, 0.0001356731135388603], [-0.0005375535181074281, 0.001126544188955688, -0.0013101015065291877, 0.0006030948406663111, -0.00011856065896320646, 8.179389595702763e-06, -0.09090105911700558, -0.10652869679545526, 0.0774530134117706, -0.022891834349181038, 0.003190591562842934, -0.00017208905428778645], [-0.0016219940696666543, -0.0009131466520005127, 0.000789804009743704, -0.0002918707257580236, 5.068703605044675e-05, -3.272153714115545e-06, 6.326435775354244e-06, 0.024524735642043827, -0.022891834349181038, 0.008496916710926332, -0.0014264714785969302, 9.006526988401736e-05], [0.0004772920681214085, 0.0002048342692350896, -0.00017030326582243775, 5.887409386991888e-05, -9.464336795795547e-06, 5.68078872872638e-07, 0.0029377122829530034, -0.002921261496322434, 0.003190591562842934, -0.0014264714785969302, 0.0002769984962194921, -1.9535821556380152e-05], [-3.9059096238601974e-05, -1.529493248156124e-05, 1.2597646737126589e-05, -4.197577116178936e-06, 6.33731298186281e-07, -3.496215586825673e-08, -0.0003468230000383183, 0.0001356731135388603, -0.00017208905428778645, 9.006526988401736e-05, -1.9535821556380152e-05, 1.4890541772274012e-06]], "best_aic_B": {"B_diag": [0.00013239973800096866], "B_by_diag": [2.654295902504987e-06]}, "best_aic_deg": 6, "best_aic_deg_idx": 5, "lr": 0.005, "optimizer": null, "epochs": 150, "best_epochs": [149, 149, 149, 148, 149, 149, 149, 149], "batch_size": 1024}