{"degree": [1, 2, 3, 4, 5, 6, 7, 8], "losses": [-16.96417578782141, -38.03443494626595, -53.09308350063622, -62.06510448251014, -65.5889904722259, -66.30235748630889, -67.44512807968707, -67.49529658438242], "A_list": [[[6.561533089838168, -1.5876810557676273], [-1.5876810557676273, 4.299008710057727]], [[8.049772002244527, -0.057333494836097544, 1.1973688571136756, -0.010913901716352429], [-0.057333494836097544, 0.2396783589694434, -0.009248851717023058, 0.008707580722134204], [1.1973688571136756, -0.009248851717023058, 11.942870171617932, -0.046939692085375205], [-0.010913901716352429, 0.008707580722134204, -0.046939692085375205, 0.1956172590858237]], [[7.9729031948943065, 0.12099597059104707, -0.14927703013262614, 3.6891269970046743, 0.0980717439215376, -0.09643833976371007], [0.12099597059104707, 0.7258798124809389, -0.41664938422276043, 0.10938770211126529, -0.019879387077506184, 0.012075060221978967], [-0.14927703013262614, -0.41664938422276043, 0.3526462866058731, -0.10169019602391242, 0.01379270455565165, -0.004862836959814707], [3.6891269970046743, 0.10938770211126529, -0.10169019602391242, 9.469809177899434, 0.2107856486535779, -0.22333323358059845], [0.0980717439215376, -0.019879387077506184, 0.01379270455565165, 0.2107856486535779, 0.5145983177233431, -0.2739466100601744], [-0.09643833976371007, 0.012075060221978967, -0.004862836959814707, -0.22333323358059845, -0.2739466100601744, 0.23474608090036833]], [[34.28192646902037, 0.7919735573735759, -0.912235154422574, 0.0617115033509993, 1.8001822982269862, 0.012695925451118592, -0.05634764756240406, 0.031616033572262864], [0.7919735573735759, 1.2482620054992284, -1.3271768828205308, 0.45246451306126945, 0.01961572772385288, 0.06018176227365657, -0.0686877104193267, 0.019689069912984646], [-0.912235154422574, -1.3271768828205308, 2.061472018872635, -0.9090343485259732, -0.0453108115119825, -0.06960722669372638, 0.09040532897870109, -0.028675636896121418], [0.0617115033509993, 0.45246451306126945, -0.9090343485259732, 0.500741519293962, 0.011002078122753004, 0.02115693529070924, -0.02882556474124057, 0.012592547024777665], [1.8001822982269862, 0.01961572772385288, -0.0453108115119825, 0.011002078122753004, 26.938323785420405, 0.6560096460285958, -0.6933480757935329, 0.04141723006637253], [0.012695925451118592, 0.06018176227365657, -0.06960722669372638, 0.02115693529070924, 0.6560096460285958, 0.9471848937191859, -0.9644346851758587, 0.31629756840461065], [-0.05634764756240406, -0.0686877104193267, 0.09040532897870109, -0.02882556474124057, -0.6933480757935329, -0.9644346851758587, 1.5791011585929149, -0.6850544014407852], [0.031616033572262864, 0.019689069912984646, -0.028675636896121418, 0.012592547024777665, 0.04141723006637253, 0.31629756840461065, -0.6850544014407852, 0.36896765902605444]], [[29.13775855200551, 0.6032679675662375, -0.4230422419132195, -0.4227728510333763, 0.16983304652370418, 3.3585872961364016, 0.06313815134632188, -0.04101420249945039, -0.09287818692575832, 0.05779064195574328], [0.6032679675662375, 1.167496542984744, -1.918692372821764, 1.5508745707139, -0.4790888578791644, 0.0816573449609368, 0.03617623697930431, -0.0679760718457116, 0.04535634070075723, -0.00936888736209445], [-0.4230422419132195, -1.918692372821764, 6.5232665830099945, -7.631200991306247, 2.943449130513733, -0.14054605911403978, -0.09504721698212636, 0.2574084947488826, -0.3205485243700699, 0.11619401575021056], [-0.4227728510333763, 1.5508745707139, -7.631200991306247, 10.415554360895728, -4.358549063951185, 0.06560289106720245, 0.0775063044511981, -0.3096038837304758, 0.48757793702046004, -0.197811714699202], [0.16983304652370418, -0.4790888578791644, 2.943449130513733, -4.358549063951185, 1.9237582671756486, -0.02967316133595608, -0.025332534066401916, 0.12493229854929665, -0.21199728372815443, 0.08733228863808937], [3.3585872961364016, 0.0816573449609368, -0.14054605911403978, 0.06560289106720245, -0.02967316133595608, 21.678033248116023, 0.499813512299672, -0.403943947147274, -0.2201170529219652, 0.17270595611340359], [0.06313815134632188, 0.03617623697930431, -0.09504721698212636, 0.0775063044511981, -0.025332534066401916, 0.499813512299672, 0.9118832453430974, -1.362597013365709, 1.03450193833313, -0.2950100655367662], [-0.04101420249945039, -0.0679760718457116, 0.2574084947488826, -0.3096038837304758, 0.12493229854929665, -0.403943947147274, -1.362597013365709, 4.727267989327316, -5.450581422434189, 2.083286959418596], [-0.09287818692575832, 0.04535634070075723, -0.3205485243700699, 0.48757793702046004, -0.21199728372815443, -0.2201170529219652, 1.03450193833313, -5.450581422434189, 7.372032215899146, -3.0844132461452873], [0.05779064195574328, -0.00936888736209445, 0.11619401575021056, -0.197811714699202, 0.08733228863808937, 0.17270595611340359, -0.2950100655367662, 2.083286959418596, -3.0844132461452873, 1.366443378957876]], [[25.67395886767501, 0.5824884134987667, -0.49918306413461594, 0.024931899643247133, -0.14132940480998651, 0.1469953661044163, 1.6700480639879025, -0.007603181109764858, 0.11136080792473387, -0.36484228776601135, 0.3588539927984069, -0.12852787067722105], [0.5824884134987667, 0.9279216762260253, -1.089720987740743, 0.3949689765210905, 0.2982382560771761, -0.23200255012324017, 0.03128532988487518, 0.03873153468617066, -0.00038145005482476124, -0.08755001283840336, 0.10257514335233309, -0.03678308262887231], [-0.49918306413461594, -1.089720987740743, 4.239701670612338, -5.555675867327537, 2.6412929568537145, -0.16000254747156054, 0.031121817366381137, 0.0084084162014116, 0.06670794882219022, 0.015567077088272697, -0.1252625429310188, 0.08469798918783733], [0.024931899643247133, 0.3949689765210905, -5.555675867327537, 12.10845852196106, -10.015660319932758, 2.793621452717242, -0.1608101269849038, -0.06902763430043855, -0.0071038290025791095, 0.01665045210510968, 0.049378198711153676, -0.06373952957273932], [-0.14132940480998651, 0.2982382560771761, 2.6412929568537145, -10.015660319932758, 11.461980709977025, -4.245786588692037, 0.19915810574571688, 0.07634764014350887, -0.07028956792025293, -0.007205345290314691, 0.0427346053788777, -0.008801610231279303], [0.1469953661044163, -0.23200255012324017, -0.16000254747156054, 2.793621452717242, -4.245786588692037, 1.8419582011973203, -0.04436162062040692, -0.025346166354372913, 0.059157408313958194, -0.04749647684214284, -0.00028129253229783324, 0.013174089566262814], [1.6700480639879025, 0.03128532988487518, 0.031121817366381137, -0.1608101269849038, 0.19915810574571688, -0.04436162062040692, 24.965291079390965, 0.542983344608019, -0.3085074288856785, -0.6487521467980798, 0.5544292569613567, -0.13565110665856012], [-0.007603181109764858, 0.03873153468617066, 0.0084084162014116, -0.06902763430043855, 0.07634764014350887, -0.025346166354372913, 0.542983344608019, 0.6304633095960729, -0.4809946175891145, -0.2863461109394604, 0.7198835619475452, -0.3449703443649651], [0.11136080792473387, -0.00038145005482476124, 0.06670794882219022, -0.0071038290025791095, -0.07028956792025293, 0.059157408313958194, -0.3085074288856785, -0.4809946175891145, 2.0428294061227796, -2.268973621844233, 0.3896461498409496, 0.43744830132625256], [-0.36484228776601135, -0.08755001283840336, 0.015567077088272697, 0.01665045210510968, -0.007205345290314691, -0.04749647684214284, -0.6487521467980798, -0.2863461109394604, -2.268973621844233, 6.134137890748674, -5.045577507297866, 1.2077996663330741], [0.3588539927984069, 0.10257514335233309, -0.1252625429310188, 0.049378198711153676, 0.0427346053788777, -0.00028129253229783324, 0.5544292569613567, 0.7198835619475452, 0.3896461498409496, -5.045577507297866, 6.429250226994524, -2.377481221349922], [-0.12852787067722105, -0.03678308262887231, 0.08469798918783733, -0.06373952957273932, -0.008801610231279303, 0.013174089566262814, -0.13565110665856012, -0.3449703443649651, 0.43744830132625256, 1.2077996663330741, -2.377481221349922, 1.0815722187083139]], [[32.98034951647818, 0.823152858659496, -1.2948938881108585, 1.6570912045228223, -2.4703355664958306, 1.719881955457417, -0.45629914355655665, 1.910639309371474, 0.044120959630293194, 0.09041980127564567, -0.23329709180472574, 0.2526919003122838, -0.09450157728496829, 0.008052256247303335], [0.823152858659496, 1.1400394664698246, -1.9567233796963968, 1.6760252742852457, 0.28368866559796896, -1.6100489062679018, 0.7946745999196924, 0.017828234339100347, 0.045109430801125824, -0.035774762243799385, -0.0009197420321075955, 0.08913340585996214, -0.11418062184728033, 0.04805875954222705], [-1.2948938881108585, -1.9567233796963968, 7.572601317299452, -9.517614264889717, -0.5336660029622524, 8.97898830321866, -4.661593946037931, -0.06825722734067986, -0.011197038528469427, 0.057548997622408615, 0.03619128565475771, -0.4144868523770395, 0.5864966389940366, -0.24870879332822618], [1.6570912045228223, 1.6760252742852457, -9.517614264889717, 14.752651766024877, -0.8426326460684159, -13.867869086064465, 7.837441267684476, -0.11905723354969926, -0.10636869357223097, 0.17036034258700172, -0.18045988628894805, 0.37302512211746974, -0.5954516968954898, 0.29484165241962196], [-2.4703355664958306, 0.28368866559796896, -0.5336660029622524, -0.8426326460684159, 1.963023297038856, -0.28073115223806894, -0.5555706570790988, 0.5161114045927138, 0.2305741684036665, -0.72868899297389, 0.6224584025562531, 0.3731834318222528, -0.7136696775272153, 0.2437048033879627], [1.719881955457417, -1.6100489062679018, 8.97898830321866, -13.867869086064465, -0.28073115223806894, 14.645871056862918, -7.964278873240378, -0.6394164956659151, -0.19633845732820604, 0.8576794815418074, -0.8124685579352747, -0.716738268619687, 1.5237748028385727, -0.646002472179729], [-0.45629914355655665, 0.7946745999196924, -4.661593946037931, 7.837441267684476, -0.5555706570790988, -7.964278873240378, 4.605668285393623, 0.237482202126771, 0.06573618487049084, -0.33495271894465084, 0.34892809165858785, 0.2953896830041993, -0.7032509978813926, 0.3178676501717615], [1.910639309371474, 0.017828234339100347, -0.06825722734067986, -0.11905723354969926, 0.5161114045927138, -0.6394164956659151, 0.237482202126771, 25.841289889833163, 0.6049284186380223, -0.40186152264032327, -0.5038143817925405, 0.5698252045041837, -0.34659723383800833, 0.10647077514177364], [0.044120959630293194, 0.045109430801125824, -0.011197038528469427, -0.10636869357223097, 0.2305741684036665, -0.19633845732820604, 0.06573618487049084, 0.6049284186380223, 0.8244506153129861, -1.248877777555099, 0.9410627352976931, 0.23396529570965074, -0.9297499707793951, 0.4329590531566693], [0.09041980127564567, -0.035774762243799385, 0.057548997622408615, 0.17036034258700172, -0.72868899297389, 0.8576794815418074, -0.33495271894465084, -0.40186152264032327, -1.248877777555099, 4.775322867352558, -5.695668012211894, -0.925823294730426, 6.038590195050158, -2.9859451598547766], [-0.23329709180472574, -0.0009197420321075955, 0.03619128565475771, -0.18045988628894805, 0.6224584025562531, -0.8124685579352747, 0.34892809165858785, -0.5038143817925405, 0.9410627352976931, -5.695668012211894, 8.628782072663506, 0.49281119044486493, -9.494765330711145, 5.132128690114085], [0.2526919003122838, 0.08913340585996214, -0.4144868523770395, 0.37302512211746974, 0.3731834318222528, -0.716738268619687, 0.2953896830041993, 0.5698252045041837, 0.23396529570965074, -0.925823294730426, 0.49281119044486493, 0.9294115316466303, -0.7621329513642425, 0.019648949617285333], [-0.09450157728496829, -0.11418062184728033, 0.5864966389940366, -0.5954516968954898, -0.7136696775272153, 1.5237748028385727, -0.7032509978813926, -0.34659723383800833, -0.9297499707793951, 6.038590195050158, -9.494765330711145, -0.7621329513642425, 11.022371451816927, -5.913641868699828], [0.008052256247303335, 0.04805875954222705, -0.24870879332822618, 0.29484165241962196, 0.2437048033879627, -0.646002472179729, 0.3178676501717615, 0.10647077514177364, 0.4329590531566693, -2.9859451598547766, 5.132128690114085, 0.019648949617285333, -5.913641868699828, 3.350811676898574]], [[36.39562259139441, 0.6912423626115964, -0.411386445609098, -0.6043499178600279, 0.15040767218138007, 0.32253081286640267, -0.15561781862811577, 0.015126393317451131, 1.36272650068113, 0.041353173109245266, -0.17494735706350517, 0.3292357948043192, -0.6360874646185176, 0.9551330756454488, -0.8406570462158445, 0.2915562474338025], [0.6912423626115964, 1.0104917092363785, -1.403741183826299, 0.5596973000685406, 0.9624735909214174, -0.5457296016377198, -1.0531725499157643, 0.7876208499234145, 0.038270299711114654, 0.040460946534604546, -0.04600928306434557, 0.023217121200346136, -0.05768880882131032, 0.12243910239883332, -0.10676960923712898, 0.03676697980163566], [-0.411386445609098, -1.403741183826299, 5.403650640355262, -5.553388663998664, -2.112768764957251, 3.540295119911436, 3.45004806817488, -3.3517487721893477, -0.39925724295649856, -0.0430080599707899, 0.09493913614986686, -0.02455585593537043, 0.023049220852849595, -0.44405612692474045, 0.6432893590082613, -0.2747548137680724], [-0.6043499178600279, 0.5596973000685406, -5.553388663998664, 9.01134764984158, -0.36576467302473686, -5.374064947142438, -1.8755986182786066, 3.5147211529847477, 0.9107812205635195, -0.008306611132377819, 0.031825708103735195, -0.17347861127162595, 0.051883490478983336, 0.6031041911434623, -0.8569626755284447, 0.3484636640254106], [0.15040767218138007, 0.9624735909214174, -2.112768764957251, -0.36576467302473686, 3.6976639676190546, -0.2168156962704196, -3.6353738063475656, 1.7560056337101801, -0.8784220090703859, 0.03524624815248688, -0.05549103052968768, 0.1652619533363659, -0.1610644710679113, 0.15370777036698677, -0.07755052982931063, 0.019073388017007694], [0.32253081286640267, -0.5457296016377198, 3.540295119911436, -5.374064947142438, -0.2168156962704196, 3.5179644184270877, 1.3206260134635393, -2.2801708320842935, -0.33669984588592833, 0.030626110719747707, -0.43933215802709447, 0.5926972859689112, 0.21059167903215226, -0.7714742604069121, 0.1335339857736987, 0.16700635762709753], [-0.15561781862811577, -1.0531725499157643, 3.45004806817488, -1.8755986182786066, -3.6353738063475656, 1.3206260134635393, 4.6803857112439395, -2.926084713712775, 1.1230907680238353, -0.08795272392273855, 0.7181596865522643, -0.9718517416446895, -0.20360459960760977, 0.34365101936799125, 0.9539463076891581, -0.7567066360548835], [0.015126393317451131, 0.7876208499234145, -3.3517487721893477, 3.5147211529847477, 1.7560056337101801, -2.2801708320842935, -2.926084713712775, 2.540693927440883, -0.5465774458317754, 0.04535696813722855, -0.3109237274720275, 0.4100356324628933, 0.08520350185708901, 0.03350770580240176, -0.6999579375038092, 0.45973566543563094], [1.36272650068113, 0.038270299711114654, -0.39925724295649856, 0.9107812205635195, -0.8784220090703859, -0.33669984588592833, 1.1230907680238353, -0.5465774458317754, 26.73919707042879, 0.6300704353727943, -0.875333214351397, 0.7717720558940309, -1.1901170912258137, 0.37628030235234505, 0.6158280251137376, -0.4318909295741792], [0.041353173109245266, 0.040460946534604546, -0.0430080599707899, -0.008306611132377819, 0.03524624815248688, 0.030626110719747707, -0.08795272392273855, 0.04535696813722855, 0.6300704353727943, 0.7393543620889252, -0.9281934015592394, 0.28261321752155866, 0.6219723367841445, -0.21404630131727545, -0.7524903581715072, 0.494371064858335], [-0.17494735706350517, -0.04600928306434557, 0.09493913614986686, 0.031825708103735195, -0.05549103052968768, -0.43933215802709447, 0.7181596865522643, -0.3109237274720275, -0.875333214351397, -0.9281934015592394, 3.4305561886952782, -3.0890054082180343, -1.6679708772438147, 1.532916464829267, 3.2311818570264723, -2.488161079453787], [0.3292357948043192, 0.023217121200346136, -0.02455585593537043, -0.17347861127162595, 0.1652619533363659, 0.5926972859689112, -0.9718517416446895, 0.4100356324628933, 0.7717720558940309, 0.28261321752155866, -3.0890054082180343, 4.53504170372401, 0.5547200220615667, -2.228971368735871, -2.9991630799327273, 2.8729921354321104], [-0.6360874646185176, -0.05768880882131032, 0.023049220852849595, 0.051883490478983336, -0.1610644710679113, 0.21059167903215226, -0.20360459960760977, 0.08520350185708901, -1.1901170912258137, 0.6219723367841445, -1.6679708772438147, 0.5547200220615667, 1.7797795580587643, -0.3943241165346495, -2.007649973145468, 1.1166025655843408], [0.9551330756454488, 0.12243910239883332, -0.44405612692474045, 0.6031041911434623, 0.15370777036698677, -0.7714742604069121, 0.34365101936799125, 0.03350770580240176, 0.37628030235234505, -0.21404630131727545, 1.532916464829267, -2.228971368735871, -0.3943241165346495, 1.5328321363086448, 1.2749667550830912, -1.4642842137654757], [-0.8406570462158445, -0.10676960923712898, 0.6432893590082613, -0.8569626755284447, -0.07755052982931063, 0.1335339857736987, 0.9539463076891581, -0.6999579375038092, 0.6158280251137376, -0.7524903581715072, 3.2311818570264723, -2.9991630799327273, -2.007649973145468, 1.2749667550830912, 3.953297034967611, -2.7513656606127515], [0.2915562474338025, 0.03676697980163566, -0.2747548137680724, 0.3484636640254106, 0.019073388017007694, 0.16700635762709753, -0.7567066360548835, 0.45973566543563094, -0.4318909295741792, 0.494371064858335, -2.488161079453787, 2.8729921354321104, 1.1166025655843408, -1.4642842137654757, -2.7513656606127515, 2.250074826401097]]], "B_list": [{"B_diag": [0.0025264400123578504], "B_by_diag": [0.00010887128875471255]}, {"B_diag": [0.00019510056182583092], "B_by_diag": [5.888039901842952e-06]}, {"B_diag": [1.5108077299089762e-05], "B_by_diag": [7.336578953805371e-07]}, {"B_diag": [3.799196914636266e-06], "B_by_diag": [1.341105013537879e-07]}, {"B_diag": [1.4139659121322298e-06], "B_by_diag": [9.560993583990679e-08]}, {"B_diag": [1.1750752725439451e-06], "B_by_diag": [7.958511178665976e-08]}, {"B_diag": [7.53770802201044e-07], "B_by_diag": [2.4614527659611347e-08]}, {"B_diag": [7.354094534833479e-07], "B_by_diag": [5.173729620332828e-08]}], "bic_scores": [-11.207713055336296, -24.218924388301673, -26.61335493120469, -18.315987715623265, 0.034684678104412114, 25.80104623345295, 55.74317439549439, 91.38307483220676], "best_bic": -26.61335493120469, "best_bic_A": [[7.9729031948943065, 0.12099597059104707, -0.14927703013262614, 3.6891269970046743, 0.0980717439215376, -0.09643833976371007], [0.12099597059104707, 0.7258798124809389, -0.41664938422276043, 0.10938770211126529, -0.019879387077506184, 0.012075060221978967], [-0.14927703013262614, -0.41664938422276043, 0.3526462866058731, -0.10169019602391242, 0.01379270455565165, -0.004862836959814707], [3.6891269970046743, 0.10938770211126529, -0.10169019602391242, 9.469809177899434, 0.2107856486535779, -0.22333323358059845], [0.0980717439215376, -0.019879387077506184, 0.01379270455565165, 0.2107856486535779, 0.5145983177233431, -0.2739466100601744], [-0.09643833976371007, 0.012075060221978967, -0.004862836959814707, -0.22333323358059845, -0.2739466100601744, 0.23474608090036833]], "best_bic_B": {"B_diag": [1.5108077299089762e-05], "B_by_diag": [7.336578953805371e-07]}, "best_bic_deg": 3, "best_bic_deg_idx": 2, "aic_scores": [-11.96417578782141, -26.034434946265947, -30.09308350063622, -24.065104482510137, -8.588990472225902, 13.697642513691108, 39.554871920312934, 70.50470341561758], "best_aic": -30.09308350063622, "best_aic_A": [[7.9729031948943065, 0.12099597059104707, -0.14927703013262614, 3.6891269970046743, 0.0980717439215376, -0.09643833976371007], [0.12099597059104707, 0.7258798124809389, -0.41664938422276043, 0.10938770211126529, -0.019879387077506184, 0.012075060221978967], [-0.14927703013262614, -0.41664938422276043, 0.3526462866058731, -0.10169019602391242, 0.01379270455565165, -0.004862836959814707], [3.6891269970046743, 0.10938770211126529, -0.10169019602391242, 9.469809177899434, 0.2107856486535779, -0.22333323358059845], [0.0980717439215376, -0.019879387077506184, 0.01379270455565165, 0.2107856486535779, 0.5145983177233431, -0.2739466100601744], [-0.09643833976371007, 0.012075060221978967, -0.004862836959814707, -0.22333323358059845, -0.2739466100601744, 0.23474608090036833]], "best_aic_B": {"B_diag": [1.5108077299089762e-05], "B_by_diag": [7.336578953805371e-07]}, "best_aic_deg": 3, "best_aic_deg_idx": 2, "lr": 0.005, "optimizer": null, "epochs": 50, "best_epochs": [49, 49, 49, 42, 49, 49, 47, 49], "batch_size": 1024}