{"degree": [1, 2, 3, 4, 5, 6, 7, 8], "losses": [74.49650171740332, -55.551970895182876, -124.83772936917315, -161.61431793884924, -192.06128299302745, -223.46622664726485, -229.36763705077124, -248.31884606978932], "A_list": [[[30.699079228106406, 0.4554285215299304], [0.4554285215299304, 20.357996031354446]], [[16.09491195177218, -0.13806709599225703, 0.231693946227021, -0.0013396314064113826], [-0.13806709599225703, 0.06135789878546451, -0.0020276917361100773, 0.0022338727693964854], [0.231693946227021, -0.0020276917361100773, 9.215884333963782, -0.10257927622506419], [-0.0013396314064113826, 0.0022338727693964854, -0.10257927622506419, 0.08722722810855887]], [[31.940243624686314, -0.10073183770388437, -0.03400642693172682, 0.71196148857088, -0.001121923035001281, -0.001971008472266674], [-0.10073183770388437, 0.18887627095106108, -0.01655691044219611, 0.0040741785643879595, 0.005250740001054746, -0.00027294762084236943], [-0.03400642693172682, -0.01655691044219611, 0.002967507881357365, -0.00011515814941238626, -0.0007384830780749776, 9.679745933466372e-05], [0.71196148857088, 0.0040741785643879595, -0.00011515814941238626, 26.774911877131686, -0.11610658050182512, -0.036267795434419305], [-0.001121923035001281, 0.005250740001054746, -0.0007384830780749776, -0.11610658050182512, 0.17711307360533302, -0.01583492645020656], [-0.001971008472266674, -0.00027294762084236943, 9.679745933466372e-05, -0.036267795434419305, -0.01583492645020656, 0.002844775837558902]], [[30.742662495947528, -0.0637261434540158, -0.04102074423028486, 0.0013895972929573986, 0.5179589190570494, -0.0038872784549005674, 0.0013044990799069096, -0.00035019041878120487], [-0.0637261434540158, 0.2459486849355009, -0.054847986574325554, 0.004951797179796563, 0.0010990559939558914, 0.00918438261942293, -0.002085945801744392, 0.0002083440310805284], [-0.04102074423028486, -0.054847986574325554, 0.02559568115358009, -0.002962921795744865, 0.0003760871685493976, -0.002242923333602767, 0.0008569526889624333, -9.3959946304679e-05], [0.0013895972929573986, 0.004951797179796563, -0.002962921795744865, 0.0003885294739075805, 4.768954498699186e-05, 0.00023625428482297977, -0.00011011727045733046, 1.3562829324916934e-05], [0.5179589190570494, 0.0010990559939558914, 0.0003760871685493976, 4.768954498699186e-05, 19.054536484756593, -0.04273475993852178, -0.039245067371839484, 0.0017516987938936092], [-0.0038872784549005674, 0.00918438261942293, -0.002242923333602767, 0.00023625428482297977, -0.04273475993852178, 0.22069960747021192, -0.04776002304100665, 0.004172786249180341], [0.0013044990799069096, -0.002085945801744392, 0.0008569526889624333, -0.00011011727045733046, -0.039245067371839484, -0.04776002304100665, 0.02255036646646548, -0.002600633594954203], [-0.00035019041878120487, 0.0002083440310805284, -9.3959946304679e-05, 1.3562829324916934e-05, 0.0017516987938936092, 0.004172786249180341, -0.002600633594954203, 0.00034269922655451996]], [[36.54317996957009, 0.2764596120338267, -0.31448375928221556, 0.08129050343489598, -0.008414109695576343, 1.533555240258969, 0.011518138634716017, -0.006799902218970317, 0.0024219908186602244, -0.00023625757163087612], [0.2764596120338267, 0.40349666324278716, -0.1859958636914735, 0.04608465741077493, -0.004341133531054762, 0.004322469022347768, 0.017871520631915192, -0.008534703846829993, 0.0022834572974744943, -0.0002228341546805797], [-0.31448375928221556, -0.1859958636914735, 0.13412564051339246, -0.03692711368536417, 0.0035844549157823175, -0.001980355808738059, -0.00787225206452198, 0.0053280983025029635, -0.0015204916577923294, 0.00015246064506799727], [0.08129050343489598, 0.04608465741077493, -0.03692711368536417, 0.01101583944184062, -0.0011220828036993989, 0.0011045693626191037, 0.00206069746450238, -0.0015560974506074752, 0.00046565248088876755, -4.807304991820607e-05], [-0.008414109695576343, -0.004341133531054762, 0.0035844549157823175, -0.0011220828036993989, 0.00011861783421764919, -0.00013062190106189356, -0.00018866650781522166, 0.00015197531606498977, -4.721561551730499e-05, 4.9981261316437794e-06], [1.533555240258969, 0.004322469022347768, -0.001980355808738059, 0.0011045693626191037, -0.00013062190106189356, 27.026133518529054, 0.21170728940177355, -0.26073882973042023, 0.06412281225739372, -0.006562354832880523], [0.011518138634716017, 0.017871520631915192, -0.00787225206452198, 0.00206069746450238, -0.00018866650781522166, 0.21170728940177355, 0.3485734650715137, -0.1570476054918079, 0.03832658519231233, -0.0036014288096753023], [-0.006799902218970317, -0.008534703846829993, 0.0053280983025029635, -0.0015560974506074752, 0.00015197531606498977, -0.26073882973042023, -0.1570476054918079, 0.11521419781358588, -0.031534159822884, 0.003054107216351527], [0.0024219908186602244, 0.0022834572974744943, -0.0015204916577923294, 0.00046565248088876755, -4.721561551730499e-05, 0.06412281225739372, 0.03832658519231233, -0.031534159822884, 0.009385416991805276, -0.0009557634871572894], [-0.00023625757163087612, -0.0002228341546805797, 0.00015246064506799727, -4.807304991820607e-05, 4.9981261316437794e-06, -0.006562354832880523, -0.0036014288096753023, 0.003054107216351527, -0.0009557634871572894, 0.00010114214448331538]], [[36.732366926241376, 0.15421251328104713, -0.16021280208432465, -0.005156338945006646, 0.013173695699352325, -0.00199985600702126, 1.7785592348817298, 0.010754988028648733, -0.009079537600122811, 0.0002283125407143427, 0.0006031686026215927, -8.650603017474646e-05], [0.15421251328104713, 0.5209723324768776, -0.3215037641465446, 0.11673177265209973, -0.02138000778528054, 0.0015317285731632738, 0.014571473604006149, 0.006677159772293813, 0.0009711469177346166, -0.002038353425736092, 0.0006962139018215647, -7.13185853619306e-05], [-0.16021280208432465, -0.3215037641465446, 0.28951343447791694, -0.1186129027936705, 0.023437879693875553, -0.001799189012462215, -0.006863269926764957, 0.001325941698821807, -0.0024045414611876814, 0.0020420173457200916, -0.000595469188603006, 5.7023869083748014e-05], [-0.005156338945006646, 0.11673177265209973, -0.1186129027936705, 0.054369454027721725, -0.011733201805528887, 0.0009672317675749846, 0.00018106967333004765, -0.0022002118864382658, 0.001943693835697348, -0.001093857703364346, 0.00026774264168063925, -2.31662595335673e-05], [0.013173695699352325, -0.02138000778528054, 0.023437879693875553, -0.011733201805528887, 0.0027273295579936783, -0.00023855799008036898, 0.0006279069083262004, 0.0007054636388157679, -0.0005679953188378033, 0.0002651833218528486, -5.5537981145367134e-05, 4.214345308723751e-06], [-0.00199985600702126, 0.0015317285731632738, -0.001799189012462215, 0.0009672317675749846, -0.00023855799008036898, 2.1859921881749736e-05, -0.0001094435976509856, -7.124843349116556e-05, 5.401289069247744e-05, -2.262504245592164e-05, 4.139455228539762e-06, -2.668647704580837e-07], [1.7785592348817298, 0.014571473604006149, -0.006863269926764957, 0.00018106967333004765, 0.0006279069083262004, -0.0001094435976509856, 27.325366421983805, 0.11938844091989821, -0.13746181338348806, -0.003118958083872303, 0.010262195508341697, -0.0015308205535316099], [0.010754988028648733, 0.006677159772293813, 0.001325941698821807, -0.0022002118864382658, 0.0007054636388157679, -7.124843349116556e-05, 0.11938844091989821, 0.4325683144280442, -0.25610111894956766, 0.09154804669906617, -0.01663774046484459, 0.0011890384121443223], [-0.009079537600122811, 0.0009711469177346166, -0.0024045414611876814, 0.001943693835697348, -0.0005679953188378033, 5.401289069247744e-05, -0.13746181338348806, -0.25610111894956766, 0.23147039810297157, -0.09407802930932621, 0.01841665868650133, -0.0014051637016633356], [0.0002283125407143427, -0.002038353425736092, 0.0020420173457200916, -0.001093857703364346, 0.0002651833218528486, -2.262504245592164e-05, -0.003118958083872303, 0.09154804669906617, -0.09407802930932621, 0.043144469272287295, -0.009269421752825437, 0.0007612339949619558], [0.0006031686026215927, 0.0006962139018215647, -0.000595469188603006, 0.00026774264168063925, -5.5537981145367134e-05, 4.139455228539762e-06, 0.010262195508341697, -0.01663774046484459, 0.01841665868650133, -0.009269421752825437, 0.002153672250027127, -0.0001881740867073191], [-8.650603017474646e-05, -7.13185853619306e-05, 5.7023869083748014e-05, -2.31662595335673e-05, 4.214345308723751e-06, -2.668647704580837e-07, -0.0015308205535316099, 0.0011890384121443223, -0.0014051637016633356, 0.0007612339949619558, -0.0001881740867073191, 1.7257987335763184e-05]], [[34.62693808023961, -0.27888199531947094, 0.06440149308568636, -0.017603521288116947, -0.013244857895781038, 0.006199739781623589, -0.0007215161933863788, 1.6415796810992715, -0.018103138658985052, 0.007602341657664213, -0.002053312499835716, -0.0005141998333237007, 0.0003144595470959072, -3.275914466787521e-05], [-0.27888199531947094, 0.504331305011307, -0.32138829506183025, 0.11405523211860884, -0.016960515576191437, -0.00012625383718297163, 0.00019085338413452044, -0.018014159566551023, 0.01833442636513405, -0.012436943671792752, 0.003875506945404568, -0.00020618073056558398, -0.00013836476860299433, 2.0428069619868296e-05], [0.06440149308568636, -0.32138829506183025, 0.29057237162389193, -0.11209978839848989, 0.017572927330522077, -2.4222340686969537e-05, -0.00018125013794643985, 0.009323855683910663, -0.012825836004526317, 0.010382513735244576, -0.0028006500153846293, -0.00017886414073937972, 0.00021458739867047356, -2.6489981579446423e-05], [-0.017603521288116947, 0.11405523211860884, -0.11209978839848989, 0.04813377884306798, -0.008967192297694566, 0.00038593383347466557, 4.675448684845271e-05, -0.0024058188362543207, 0.004112617656714702, -0.002940844614587469, 0.0002846668897207756, 0.0003857117547283218, -0.00014426220420153812, 1.493908028458398e-05], [-0.013244857895781038, -0.016960515576191437, 0.017572927330522077, -0.008967192297694566, 0.002328778387880472, -0.00028564312389706224, 1.2308378704788957e-05, -0.0003792973309497635, -0.00034577434038374124, -7.271637527427391e-05, 0.0003503790356826446, -0.0002057535080869709, 4.846795310454111e-05, -4.149284887621068e-06], [0.006199739781623589, -0.00012625383718297163, -2.4222340686969537e-05, 0.00038593383347466557, -0.00028564312389706224, 7.808872657500406e-05, -7.461075082306095e-06, 0.00027132487700585057, -0.00011042668729981605, 0.0001887087211841198, -0.00013418680582350466, 4.70422385881668e-05, -7.849718697680195e-06, 5.045664523506482e-07], [-0.0007215161933863788, 0.00019085338413452044, -0.00018125013794643985, 4.675448684845271e-05, 1.2308378704788957e-05, -7.461075082306095e-06, 9.025374366732193e-07, -3.274342491874989e-05, 1.820498249362839e-05, -2.4043068284205676e-05, 1.388177568417039e-05, -3.92656939358693e-06, 4.846268891937276e-07, -1.8132121711538942e-08], [1.6415796810992715, -0.018014159566551023, 0.009323855683910663, -0.0024058188362543207, -0.0003792973309497635, 0.00027132487700585057, -3.274342491874989e-05, 25.73734687737795, -0.2003750343875224, 0.025184478553469947, -0.011619771322098238, -0.010066493326349922, 0.004861815638917488, -0.0005738880266146345], [-0.018103138658985052, 0.01833442636513405, -0.012825836004526317, 0.004112617656714702, -0.00034577434038374124, -0.00011042668729981605, 1.820498249362839e-05, -0.2003750343875224, 0.43269974688206214, -0.2658194658145121, 0.09038140112884081, -0.011654159962244608, -0.0006427264348597699, 0.00020175594059030017], [0.007602341657664213, -0.012436943671792752, 0.010382513735244576, -0.002940844614587469, -7.271637527427391e-05, 0.0001887087211841198, -2.4043068284205676e-05, 0.025184478553469947, -0.2658194658145121, 0.23761235568655026, -0.08691046366491922, 0.01122476211562608, 0.0007212561994805072, -0.00021001344827078664], [-0.002053312499835716, 0.003875506945404568, -0.0028006500153846293, 0.0002846668897207756, 0.0003503790356826446, -0.00013418680582350466, 1.388177568417039e-05, -0.011619771322098238, 0.09038140112884081, -0.08691046366491922, 0.0345820215115011, -0.005071413533795216, -0.00016561750008693842, 7.668375780644644e-05], [-0.0005141998333237007, -0.00020618073056558398, -0.00017886414073937972, 0.0003857117547283218, -0.0002057535080869709, 4.70422385881668e-05, -3.92656939358693e-06, -0.010066493326349922, -0.011654159962244608, 0.01122476211562608, -0.005071413533795216, 0.001044682739899114, -7.096417792780753e-05, -2.0625449636281917e-06], [0.0003144595470959072, -0.00013836476860299433, 0.00021458739867047356, -0.00014426220420153812, 4.846795310454111e-05, -7.849718697680195e-06, 4.846268891937276e-07, 0.004861815638917488, -0.0006427264348597699, 0.0007212561994805072, -0.00016561750008693842, -7.096417792780753e-05, 3.575399509674268e-05, -4.14239776186955e-06], [-3.275914466787521e-05, 2.0428069619868296e-05, -2.6489981579446423e-05, 1.493908028458398e-05, -4.149284887621068e-06, 5.045664523506482e-07, -1.8132121711538942e-08, -0.0005738880266146345, 0.00020175594059030017, -0.00021001344827078664, 7.668375780644644e-05, -2.0625449636281917e-06, -4.14239776186955e-06, 6.099479779848511e-07]], [[35.43638078808512, -0.09639810655540736, -0.15043355371979042, 0.11752685700893034, -0.04517275402335108, 0.0031262610088337124, 0.001813177504403182, -0.0002957942178540566, 1.7100563241196771, -0.014202966512506753, -0.00417631549295356, 0.005862864344921804, -0.003496142390295116, 0.0006936526930760168, -1.0371657648653362e-05, -7.410604192622815e-06], [-0.09639810655540736, 0.6275748049215049, -0.4499995701504736, 0.1778529400819457, -0.02801551855713511, -0.0020589694231684104, 0.001158188252493145, -9.774919699867147e-05, -0.00028793104685113094, 0.026649088076907485, -0.020804020542728206, 0.009269539373057165, -0.0019954368026704255, 0.00011383577412479982, 2.4310403510915073e-05, -3.0184413508865564e-06], [-0.15043355371979042, -0.4499995701504736, 0.4327219009116931, -0.18611111244989428, 0.03157908415778124, 0.0019452587488417393, -0.0013107771789948592, 0.00011845422232348887, -0.012484297218002162, -0.020673249870453627, 0.020020710346700818, -0.009315251468307062, 0.0019626206707040843, -4.874152753761666e-05, -4.51914223723426e-05, 5.0367379491536474e-06], [0.11752685700893034, 0.1778529400819457, -0.18611111244989428, 0.08877137320609774, -0.01707417859122359, -0.0007502653374699831, 0.0007300559710898713, -7.354411089204323e-05, 0.006785903623837564, 0.0076335108202775104, -0.008330654117534966, 0.00432894760498358, -0.0010047771262657122, 2.8619238372184437e-05, 2.7276466174027275e-05, -3.3110669078749383e-06], [-0.04517275402335108, -0.02801551855713511, 0.03157908415778124, -0.01707417859122359, 0.00384631067127355, 8.276624616956114e-05, -0.00017022426648973475, 1.9364444354667336e-05, -0.0009071112649809845, -0.0006886453418673584, 0.001142220296202877, -0.0007792290206336566, 0.00022023573380954857, -9.20892397404282e-06, -7.071317030110985e-06, 9.704646352026092e-07], [0.0031262610088337124, -0.0020589694231684104, 0.0019452587488417393, -0.0007502653374699831, 8.276624616956114e-05, 1.456678978433708e-05, -2.9898837325868865e-06, 1.1682741395188057e-08, -0.0005671968799020798, -0.0003568730410889064, 0.00025240040258769686, -7.369269466305864e-05, 5.138502796492225e-06, 9.513158203902958e-07, 8.21857788244958e-08, -4.37781271322534e-08], [0.001813177504403182, 0.001158188252493145, -0.0013107771789948592, 0.0007300559710898713, -0.00017022426648973475, -2.9898837325868865e-06, 7.686837386997287e-06, -8.982982616670409e-07, 0.0002292877804634144, 0.00010287161414912527, -9.669478395541327e-05, 4.5071320212932886e-05, -9.569219182221697e-06, 1.1001582233989616e-07, 2.9225008461009425e-07, -3.368239032304179e-08], [-0.0002957942178540566, -9.774919699867147e-05, 0.00011845422232348887, -7.354411089204323e-05, 1.9364444354667336e-05, 1.1682741395188057e-08, -8.982982616670409e-07, 1.1412699746888205e-07, -2.316952757201517e-05, -8.053357126054146e-06, 8.396737051047755e-06, -4.416648478114346e-06, 1.0704637853893378e-06, -2.2117213482571945e-08, -3.787593411485576e-08, 4.878389840007578e-09], [1.7100563241196771, -0.00028793104685113094, -0.012484297218002162, 0.006785903623837564, -0.0009071112649809845, -0.0005671968799020798, 0.0002292877804634144, -2.316952757201517e-05, 26.361816764185537, -0.010841789928633048, -0.17559888370682294, 0.09573097442232606, -0.027348998105373994, -0.0012043699093245838, 0.002079916399508323, -0.00027519357083767473], [-0.014202966512506753, 0.026649088076907485, -0.020673249870453627, 0.0076335108202775104, -0.0006886453418673584, -0.0003568730410889064, 0.00010287161414912527, -8.053357126054146e-06, -0.010841789928633048, 0.5300335966515543, -0.3753731316482753, 0.1479250542694982, -0.02304665279680782, -0.0019589121262986887, 0.0010452021514981678, -9.030598658341233e-05], [-0.00417631549295356, -0.020804020542728206, 0.020020710346700818, -0.008330654117534966, 0.001142220296202877, 0.00025240040258769686, -9.669478395541327e-05, 8.396737051047755e-06, -0.17559888370682294, -0.3753731316482753, 0.3656019877292654, -0.15674100173647262, 0.02603604174145249, 0.001965272510955866, -0.001185840021531496, 0.00010746339189218848], [0.005862864344921804, 0.009269539373057165, -0.009315251468307062, 0.00432894760498358, -0.0007792290206336566, -7.369269466305864e-05, 4.5071320212932886e-05, -4.416648478114346e-06, 0.09573097442232606, 0.1479250542694982, -0.15674100173647262, 0.07439633482330195, -0.013878334429359195, -0.0008518127608778082, 0.0006584496181817291, -6.526922102057359e-05], [-0.003496142390295116, -0.0019954368026704255, 0.0019626206707040843, -0.0010047771262657122, 0.00022023573380954857, 5.138502796492225e-06, -9.569219182221697e-06, 1.0704637853893378e-06, -0.027348998105373994, -0.02304665279680782, 0.02603604174145249, -0.013878334429359195, 0.0029832686271615873, 0.00013027002766174587, -0.000148854961528654, 1.6322711635158103e-05], [0.0006936526930760168, 0.00011383577412479982, -4.874152753761666e-05, 2.8619238372184437e-05, -9.20892397404282e-06, 9.513158203902958e-07, 1.1001582233989616e-07, -2.2117213482571945e-08, -0.0012043699093245838, -0.0019589121262986887, 0.001965272510955866, -0.0008518127608778082, 0.00013027002766174587, 1.2840495340147483e-05, -5.6319844258009325e-06, 4.068943446666041e-07], [-1.0371657648653362e-05, 2.4310403510915073e-05, -4.51914223723426e-05, 2.7276466174027275e-05, -7.071317030110985e-06, 8.21857788244958e-08, 2.9225008461009425e-07, -3.787593411485576e-08, 0.002079916399508323, 0.0010452021514981678, -0.001185840021531496, 0.0006584496181817291, -0.000148854961528654, -5.6319844258009325e-06, 7.61237546788863e-06, -8.649508708904884e-07], [-7.410604192622815e-06, -3.0184413508865564e-06, 5.0367379491536474e-06, -3.3110669078749383e-06, 9.704646352026092e-07, -4.37781271322534e-08, -3.368239032304179e-08, 4.878389840007578e-09, -0.00027519357083767473, -9.030598658341233e-05, 0.00010746339189218848, -6.526922102057359e-05, 1.6322711635158103e-05, 4.068943446666041e-07, -8.649508708904884e-07, 1.0501270066078978e-07]]], "B_list": [{"B_diag": [0.29263623825966173], "B_by_diag": [0.011148056309795063]}, {"B_diag": [0.008575484701799137], "B_by_diag": [0.0003482014925391912]}, {"B_diag": [0.0012199137412693603], "B_by_diag": [2.7225549727787242e-05]}, {"B_diag": [0.00040179105052907607], "B_by_diag": [2.6468655324438183e-05]}, {"B_diag": [0.00015674460485501536], "B_by_diag": [1.11158014149351e-05]}, {"B_diag": [5.724879016232702e-05], "B_by_diag": [2.4315958979044626e-06]}, {"B_diag": [3.9704093746425734e-05], "B_by_diag": [5.181821035067925e-06]}, {"B_diag": [2.3880798993648277e-05], "B_by_diag": [8.089938311626762e-07]}], "bic_scores": [83.71870035268816, -33.41869417049926, -82.41561564686288, -91.52560831068445, -86.92821855078026, -75.9110484827074, -32.01258625567564, 6.213836264072285], "best_bic": -91.52560831068445, "best_bic_A": [[30.742662495947528, -0.0637261434540158, -0.04102074423028486, 0.0013895972929573986, 0.5179589190570494, -0.0038872784549005674, 0.0013044990799069096, -0.00035019041878120487], [-0.0637261434540158, 0.2459486849355009, -0.054847986574325554, 0.004951797179796563, 0.0010990559939558914, 0.00918438261942293, -0.002085945801744392, 0.0002083440310805284], [-0.04102074423028486, -0.054847986574325554, 0.02559568115358009, -0.002962921795744865, 0.0003760871685493976, -0.002242923333602767, 0.0008569526889624333, -9.3959946304679e-05], [0.0013895972929573986, 0.004951797179796563, -0.002962921795744865, 0.0003885294739075805, 4.768954498699186e-05, 0.00023625428482297977, -0.00011011727045733046, 1.3562829324916934e-05], [0.5179589190570494, 0.0010990559939558914, 0.0003760871685493976, 4.768954498699186e-05, 19.054536484756593, -0.04273475993852178, -0.039245067371839484, 0.0017516987938936092], [-0.0038872784549005674, 0.00918438261942293, -0.002242923333602767, 0.00023625428482297977, -0.04273475993852178, 0.22069960747021192, -0.04776002304100665, 0.004172786249180341], [0.0013044990799069096, -0.002085945801744392, 0.0008569526889624333, -0.00011011727045733046, -0.039245067371839484, -0.04776002304100665, 0.02255036646646548, -0.002600633594954203], [-0.00035019041878120487, 0.0002083440310805284, -9.3959946304679e-05, 1.3562829324916934e-05, 0.0017516987938936092, 0.004172786249180341, -0.002600633594954203, 0.00034269922655451996]], "best_bic_B": {"B_diag": [0.00040179105052907607], "B_by_diag": [2.6468655324438183e-05]}, "best_bic_deg": 4, "best_bic_deg_idx": 3, "aic_scores": [79.49650171740332, -43.551970895182876, -101.83772936917315, -123.61431793884924, -135.06128299302745, -143.46622664726485, -122.36763705077124, -110.31884606978932], "best_aic": -143.46622664726485, "best_aic_A": [[36.732366926241376, 0.15421251328104713, -0.16021280208432465, -0.005156338945006646, 0.013173695699352325, -0.00199985600702126, 1.7785592348817298, 0.010754988028648733, -0.009079537600122811, 0.0002283125407143427, 0.0006031686026215927, -8.650603017474646e-05], [0.15421251328104713, 0.5209723324768776, -0.3215037641465446, 0.11673177265209973, -0.02138000778528054, 0.0015317285731632738, 0.014571473604006149, 0.006677159772293813, 0.0009711469177346166, -0.002038353425736092, 0.0006962139018215647, -7.13185853619306e-05], [-0.16021280208432465, -0.3215037641465446, 0.28951343447791694, -0.1186129027936705, 0.023437879693875553, -0.001799189012462215, -0.006863269926764957, 0.001325941698821807, -0.0024045414611876814, 0.0020420173457200916, -0.000595469188603006, 5.7023869083748014e-05], [-0.005156338945006646, 0.11673177265209973, -0.1186129027936705, 0.054369454027721725, -0.011733201805528887, 0.0009672317675749846, 0.00018106967333004765, -0.0022002118864382658, 0.001943693835697348, -0.001093857703364346, 0.00026774264168063925, -2.31662595335673e-05], [0.013173695699352325, -0.02138000778528054, 0.023437879693875553, -0.011733201805528887, 0.0027273295579936783, -0.00023855799008036898, 0.0006279069083262004, 0.0007054636388157679, -0.0005679953188378033, 0.0002651833218528486, -5.5537981145367134e-05, 4.214345308723751e-06], [-0.00199985600702126, 0.0015317285731632738, -0.001799189012462215, 0.0009672317675749846, -0.00023855799008036898, 2.1859921881749736e-05, -0.0001094435976509856, -7.124843349116556e-05, 5.401289069247744e-05, -2.262504245592164e-05, 4.139455228539762e-06, -2.668647704580837e-07], [1.7785592348817298, 0.014571473604006149, -0.006863269926764957, 0.00018106967333004765, 0.0006279069083262004, -0.0001094435976509856, 27.325366421983805, 0.11938844091989821, -0.13746181338348806, -0.003118958083872303, 0.010262195508341697, -0.0015308205535316099], [0.010754988028648733, 0.006677159772293813, 0.001325941698821807, -0.0022002118864382658, 0.0007054636388157679, -7.124843349116556e-05, 0.11938844091989821, 0.4325683144280442, -0.25610111894956766, 0.09154804669906617, -0.01663774046484459, 0.0011890384121443223], [-0.009079537600122811, 0.0009711469177346166, -0.0024045414611876814, 0.001943693835697348, -0.0005679953188378033, 5.401289069247744e-05, -0.13746181338348806, -0.25610111894956766, 0.23147039810297157, -0.09407802930932621, 0.01841665868650133, -0.0014051637016633356], [0.0002283125407143427, -0.002038353425736092, 0.0020420173457200916, -0.001093857703364346, 0.0002651833218528486, -2.262504245592164e-05, -0.003118958083872303, 0.09154804669906617, -0.09407802930932621, 0.043144469272287295, -0.009269421752825437, 0.0007612339949619558], [0.0006031686026215927, 0.0006962139018215647, -0.000595469188603006, 0.00026774264168063925, -5.5537981145367134e-05, 4.139455228539762e-06, 0.010262195508341697, -0.01663774046484459, 0.01841665868650133, -0.009269421752825437, 0.002153672250027127, -0.0001881740867073191], [-8.650603017474646e-05, -7.13185853619306e-05, 5.7023869083748014e-05, -2.31662595335673e-05, 4.214345308723751e-06, -2.668647704580837e-07, -0.0015308205535316099, 0.0011890384121443223, -0.0014051637016633356, 0.0007612339949619558, -0.0001881740867073191, 1.7257987335763184e-05]], "best_aic_B": {"B_diag": [5.724879016232702e-05], "B_by_diag": [2.4315958979044626e-06]}, "best_aic_deg": 6, "best_aic_deg_idx": 5, "lr": 0.01, "optimizer": null, "epochs": 150, "best_epochs": [141, 149, 137, 149, 134, 148, 149, 149], "batch_size": 1024}