{"degree": [1, 2, 3, 4, 5, 6, 7, 8], "losses": [26.227566783320146, -73.16995465075145, -112.07254219597144, -136.3113223556012, -163.00908578456557, -184.29020331197626, -184.71041265576017, -194.2334389810055], "A_list": [[[26.139450268432725, 2.7985362745823776], [2.7985362745823776, 17.766807990102606]], [[29.30981190856097, -0.19929209061850373, 1.3505700788615258, -0.011776962768058712], [-0.19929209061850373, 0.1040280042307927, -0.010124171436826089, 0.003963980978999862], [1.3505700788615258, -0.010124171436826089, 27.757566829713898, -0.25662735024293143], [-0.011776962768058712, 0.003963980978999862, -0.25662735024293143, 0.09804161114378207]], [[30.551694327761183, -0.011138807430441704, -0.0495021823329111, 2.050568145253442, 0.0016894447267155868, -0.002637747368628584], [-0.011138807430441704, 0.18641470529728776, -0.020119477359700492, -0.0014259863138949326, 0.005553667442772655, -0.0003928111192046647], [-0.0495021823329111, -0.020119477359700492, 0.0048678204584712, -0.0008684159488567499, -0.0006825716324608747, 0.00012483602882291055], [2.050568145253442, -0.0014259863138949326, -0.0008684159488567499, 23.404849848867062, -0.03064738865647112, -0.046822363388092425], [0.0016894447267155868, 0.005553667442772655, -0.0006825716324608747, -0.03064738865647112, 0.1729529663336964, -0.018361060352588145], [-0.002637747368628584, -0.0003928111192046647, 0.00012483602882291055, -0.046822363388092425, -0.018361060352588145, 0.004391582135150602]], [[36.07713732308096, -0.06049695823536804, -0.030080809356537584, -0.0062822328423220875, 1.1618817570977278, 0.0004614468740895383, -0.005280281602563739, -0.0006597791827275121], [-0.06049695823536804, 0.3031360578821279, -0.10120513037042315, 0.01450997931529793, -0.0026000210365051566, 0.010836963446077898, -0.003462022366093516, 0.000460239518802483], [-0.030080809356537584, -0.10120513037042315, 0.06012290970505712, -0.009871954612033341, -0.004099797993890207, -0.003932278137657493, 0.0021650894597443487, -0.000344582639981595], [-0.0062822328423220875, 0.01450997931529793, -0.009871954612033341, 0.0017599912092431233, -0.00017431553865836314, 0.0006124913393932344, -0.000384930231617503, 6.86323437902674e-05], [1.1618817570977278, -0.0026000210365051566, -0.004099797993890207, -0.00017431553865836314, 19.425443777082148, -0.05190019811146286, -0.024936966282243806, -0.002591205456885037], [0.0004614468740895383, 0.010836963446077898, -0.003932278137657493, 0.0006124913393932344, -0.05190019811146286, 0.2582804631051193, -0.08099045689017453, 0.010995424413968388], [-0.005280281602563739, -0.003462022366093516, 0.0021650894597443487, -0.000384930231617503, -0.024936966282243806, -0.08099045689017453, 0.04932186308856529, -0.007982903209324873], [-0.0006597791827275121, 0.000460239518802483, -0.000344582639981595, 6.86323437902674e-05, -0.002591205456885037, 0.010995424413968388, -0.007982903209324873, 0.001420113379108222]], [[36.54946831866973, 0.5994037407356172, -0.7139312220709544, 0.27551536303739366, -0.03995974575578203, 1.7482171686588128, 0.019131028270705893, -0.023821826856322607, 0.00948569255542186, -0.0011964017255239113], [0.5994037407356172, 0.7483949108430212, -0.5181703695961284, 0.1825157020484711, -0.023932380738222275, 0.02081676239538419, 0.02948683123526966, -0.019268732600661906, 0.00705497832334771, -0.0008363343467126525], [-0.7139312220709544, -0.5181703695961284, 0.4541554111264864, -0.16894783818250836, 0.02271022478681959, -0.027620874289890206, -0.020478506404534396, 0.015527815149103586, -0.005818120978016356, 0.000692636449818307], [0.27551536303739366, 0.1825157020484711, -0.16894783818250836, 0.0660488547463166, -0.009189863223573085, 0.010356653991388425, 0.006960718488578735, -0.005755770775964235, 0.0022800709048731685, -0.00027841654081165], [-0.03995974575578203, -0.023932380738222275, 0.02271022478681959, -0.009189863223573085, 0.0013148085717262505, -0.0015154599649539798, -0.0008899489218883665, 0.0007351520485402975, -0.00030273627982086945, 3.754584036851463e-05], [1.7482171686588128, 0.02081676239538419, -0.027620874289890206, 0.010356653991388425, -0.0015154599649539798, 27.020533757472645, 0.4176514969419614, -0.5359445626156893, 0.20043910367272724, -0.028942113163138727], [0.019131028270705893, 0.02948683123526966, -0.020478506404534396, 0.006960718488578735, -0.0008899489218883665, 0.4176514969419614, 0.5613566356018662, -0.3769045286307015, 0.13128431209484628, -0.01724535722639717], [-0.023821826856322607, -0.019268732600661906, 0.015527815149103586, -0.005755770775964235, 0.0007351520485402975, -0.5359445626156893, -0.3769045286307015, 0.338585964315035, -0.12545729637273273, 0.016847890240558026], [0.00948569255542186, 0.00705497832334771, -0.005818120978016356, 0.0022800709048731685, -0.00030273627982086945, 0.20043910367272724, 0.13128431209484628, -0.12545729637273273, 0.04914189702738382, -0.006845473526269901], [-0.0011964017255239113, -0.0008363343467126525, 0.000692636449818307, -0.00027841654081165, 3.754584036851463e-05, -0.028942113163138727, -0.01724535722639717, 0.016847890240558026, -0.006845473526269901, 0.0009819740502748618]], [[36.64929757688861, 0.35589246069289676, -0.3566296197857684, 0.03468913329059787, 0.03603121242481292, -0.00900448821331387, 1.7533395304401198, 0.014275111030267384, -0.013942013111318236, -0.00015491608813150703, 0.0016726257682686402, -0.0004947355466406594], [0.35589246069289676, 0.894691031722978, -0.7850468729394544, 0.3818007889192561, -0.0914637415994692, 0.008468383896056192, 0.012957797811976864, 0.02770223922673294, -0.022166845916612665, 0.009483928955683295, -0.0018657622673848018, 0.00012721076199475516], [-0.3566296197857684, -0.7850468729394544, 0.8734638053526057, -0.4646182722671113, 0.12054450507231505, -0.012185933149033892, -0.01717736313710536, -0.022361676449564463, 0.020031515719654867, -0.009490179691815164, 0.0021301028794658023, -0.00018194075377200966], [0.03468913329059787, 0.3818007889192561, -0.4646182722671113, 0.2694294176456837, -0.07575456134367368, 0.008265892696425544, 0.0022895123847501814, 0.009462137441296828, -0.009132409701086235, 0.004988127595662261, -0.0013042582958004562, 0.000133944792465554], [0.03603121242481292, -0.0914637415994692, 0.12054450507231505, -0.07575456134367368, 0.0229530799230941, -0.0026774347618975804, 0.0011190714967747616, -0.001727522406439595, 0.001899066503608375, -0.00125324779070688, 0.0003881647383567482, -4.684589781456006e-05], [-0.00900448821331387, 0.008468383896056192, -0.012185933149033892, 0.008265892696425544, -0.0026774347618975804, 0.00033035322770175857, -0.0003876765713442035, 0.00011014876564415294, -0.00015580176765201932, 0.00012992677699603407, -4.725449231078588e-05, 6.444949537464469e-06], [1.7533395304401198, 0.012957797811976864, -0.01717736313710536, 0.0022895123847501814, 0.0011190714967747616, -0.0003876765713442035, 27.076002941522674, 0.2401513548099178, -0.26574845969020955, 0.01878150945737489, 0.02864531947146034, -0.007025595223438822], [0.014275111030267384, 0.02770223922673294, -0.022361676449564463, 0.009462137441296828, -0.001727522406439595, 0.00011014876564415294, 0.2401513548099178, 0.7394229523420432, -0.6509081700123313, 0.3227869071350614, -0.07934808415905592, 0.007582312332861933], [-0.013942013111318236, -0.022166845916612665, 0.020031515719654867, -0.009132409701086235, 0.001899066503608375, -0.00015580176765201932, -0.26574845969020955, -0.6509081700123313, 0.7382654961052101, -0.39872391876447105, 0.10501185860185978, -0.010795351211303985], [-0.00015491608813150703, 0.009483928955683295, -0.009490179691815164, 0.004988127595662261, -0.00125324779070688, 0.00012992677699603407, 0.01878150945737489, 0.3227869071350614, -0.39872391876447105, 0.23362104119451782, -0.06612247114893635, 0.007260570324087881], [0.0016726257682686402, -0.0018657622673848018, 0.0021301028794658023, -0.0013042582958004562, 0.0003881647383567482, -4.725449231078588e-05, 0.02864531947146034, -0.07934808415905592, 0.10501185860185978, -0.06612247114893635, 0.020000498060425077, -0.0023289023935616367], [-0.0004947355466406594, 0.00012721076199475516, -0.00018194075377200966, 0.000133944792465554, -4.684589781456006e-05, 6.444949537464469e-06, -0.007025595223438822, 0.007582312332861933, -0.010795351211303985, 0.007260570324087881, -0.0023289023935616367, 0.0002850953442998568]], [[35.335892640557105, -0.043070304832375436, -0.053070964796959934, 0.03427324502021744, -0.05753129867924973, 0.030268002515743065, -0.0050581097063223356, 1.5287636273977763, -0.0627833632219808, 0.03450247243922461, 0.002386613509895885, -0.014454685421788328, 0.006197887808678989, -0.0008513775600392943], [-0.043070304832375436, 0.9981556123499903, -0.8598768152297397, 0.36268646300414237, -0.047240980533792686, -0.009744088653371645, 0.0024177563984789474, -0.06361849553718359, 0.030581083134240267, -0.022957520392939357, 0.0077201949917391, 0.0007988875239860124, -0.0009561156936097357, 0.00015107949590029894], [-0.053070964796959934, -0.8598768152297397, 0.8895998345397196, -0.3960271360803291, 0.05530017138737049, 0.010257503683406617, -0.0027266670305205886, 0.03517594547746031, -0.02406969688834254, 0.017196171424774864, -0.003067974934939391, -0.002861851422017397, 0.001433187093700095, -0.0001955371488248296], [0.03427324502021744, 0.36268646300414237, -0.3960271360803291, 0.18781178824266853, -0.030221927963040532, -0.0037915761915954466, 0.001228116782678519, -0.002214086398013303, 0.006762356734891881, -0.0014315214662036085, -0.0037558489034976265, 0.0035902386795369913, -0.001179764495466418, 0.00013767710839743247], [-0.05753129867924973, -0.047240980533792686, 0.05530017138737049, -0.030221927963040532, 0.007323997765410367, -0.00038447621261524775, -7.763361820375962e-05, -0.009744492715565147, 0.001827767078419992, -0.004134305872302263, 0.004014585730423081, -0.0019742959495887185, 0.0004774323058689133, -4.508499238016057e-05], [0.030268002515743065, -0.009744088653371645, 0.010257503683406617, -0.0037915761915954466, -0.00038447621261524775, 0.0005556121070193688, -9.296241203958182e-05, 0.004336735334169212, -0.001318862371809744, 0.0018224918496433404, -0.0013493810248911074, 0.0005064131108054066, -9.170883091561563e-05, 5.8236180038044795e-06], [-0.0050581097063223356, 0.0024177563984789474, -0.0027266670305205886, 0.001228116782678519, -7.763361820375962e-05, -9.296241203958182e-05, 1.8977835494367495e-05, -0.0005945583052112188, 0.00019750682430163776, -0.00024143330803777356, 0.00015995172579049907, -4.974681163182909e-05, 6.130924645075851e-06, -1.1381261552478161e-08], [1.5287636273977763, -0.06361849553718359, 0.03517594547746031, -0.002214086398013303, -0.009744492715565147, 0.004336735334169212, -0.0005945583052112188, 26.329842332788093, -0.006481393442538952, -0.12300567023437892, 0.07130028466024746, -0.05854663461894538, 0.025398466826372996, -0.003998949902886797], [-0.0627833632219808, 0.030581083134240267, -0.02406969688834254, 0.006762356734891881, 0.001827767078419992, -0.001318862371809744, 0.00019750682430163776, -0.006481393442538952, 0.7981300131728666, -0.6639087374486469, 0.27148757867447315, -0.030604317288850595, -0.009231237823753357, 0.002051036480928117], [0.03450247243922461, -0.022957520392939357, 0.017196171424774864, -0.0014315214662036085, -0.004134305872302263, 0.0018224918496433404, -0.00024143330803777356, -0.12300567023437892, -0.6639087374486469, 0.6818661670064828, -0.29608771015749014, 0.0369257662524784, 0.009442249825530187, -0.00225900579278935], [0.002386613509895885, 0.0077201949917391, -0.003067974934939391, -0.0037558489034976265, 0.004014585730423081, -0.0013493810248911074, 0.00015995172579049907, 0.07130028466024746, 0.27148757867447315, -0.29608771015749014, 0.13874675863951785, -0.021280375635303935, -0.0032233578373120192, 0.0009618371322108227], [-0.014454685421788328, 0.0007988875239860124, -0.002861851422017397, 0.0035902386795369913, -0.0019742959495887185, 0.0005064131108054066, -4.974681163182909e-05, -0.05854663461894538, -0.030604317288850595, 0.0369257662524784, -0.021280375635303935, 0.005808367991702704, -0.0005514210027491404, -1.953801383345718e-05], [0.006197887808678989, -0.0009561156936097357, 0.001433187093700095, -0.001179764495466418, 0.0004774323058689133, -9.170883091561563e-05, 6.130924645075851e-06, 0.025398466826372996, -0.009231237823753357, 0.009442249825530187, -0.0032233578373120192, -0.0005514210027491404, 0.0005662458022415838, -9.062735061316887e-05], [-0.0008513775600392943, 0.00015107949590029894, -0.0001955371488248296, 0.00013767710839743247, -4.508499238016057e-05, 5.8236180038044795e-06, -1.1381261552478161e-08, -0.003998949902886797, 0.002051036480928117, -0.00225900579278935, 0.0009618371322108227, -1.953801383345718e-05, -9.062735061316887e-05, 1.7168363351650006e-05]], [[36.22945436175885, 0.17867791141475134, -0.3713134955198243, 0.207725539453977, -0.06634248444649656, -0.0009231578671019067, 0.007421477802225114, -0.001494098723561376, 1.747315337941045, -0.03006917175453494, 0.021895917356834615, -0.02364738038254545, 0.01578980510576935, -0.006864464258222599, 0.0017820800224598004, -0.0001948389689645868], [0.17867791141475134, 1.0327566752196646, -0.9394767434726142, 0.43000376616438457, -0.05989480130256713, -0.019974708873589535, 0.007816407582726021, -0.000739296182215457, 0.01850295688770828, 0.03273685668651173, -0.026197509005734913, 0.008901149210379818, 0.00030962062016149505, -0.0008267459751238654, 0.00013411200152995884, -1.0141690945640813e-06], [-0.3713134955198243, -0.9394767434726142, 1.0713699927617402, -0.5520428580404804, 0.0961791150684981, 0.023496412726694702, -0.011657102491612552, 0.0012762762842497232, -0.028580263927355302, -0.028683609133317516, 0.028106699357371617, -0.011686870585137926, 0.0009912576739113234, 0.0007185752487471078, -0.00020786946167194903, 1.5072964934174666e-05], [0.207725539453977, 0.43000376616438457, -0.5520428580404804, 0.3235739366622053, -0.06882739535862491, -0.012565594244413116, 0.008043150133357515, -0.0009916190273921521, 0.022489158382790246, 0.010543439038829254, -0.012600838790969135, 0.006701444731400434, -0.0013958160383433398, -0.000165321165007358, 0.0001191266605203172, -1.4211047919838806e-05], [-0.06634248444649656, -0.05989480130256713, 0.0961791150684981, -0.06882739535862491, 0.018638514877970892, 0.0022251434775441763, -0.0021157074234716034, 0.0002974845369557253, -0.011500202430597744, -0.0009113071228068106, 0.002177715201542282, -0.0018521729143316694, 0.000695844759794035, -3.6591867445893635e-05, -4.032605041945484e-05, 7.382979301275601e-06], [-0.0009231578671019067, -0.019974708873589535, 0.023496412726694702, -0.012565594244413116, 0.0022251434775441763, 0.0005772054426009869, -0.0002782781099841799, 2.884319044770628e-05, 0.003559671542018138, -0.00028272350512884367, 0.00010985597253670068, 0.00010877974625159545, -8.834186353321786e-05, 1.133205881985838e-05, 5.878973762140987e-06, -1.392220306586007e-06], [0.007421477802225114, 0.007816407582726021, -0.011657102491612552, 0.008043150133357515, -0.0021157074234716034, -0.0002782781099841799, 0.0002474866034126169, -3.4263363973394806e-05, -0.0004922368658178117, 6.783303526924284e-07, -5.2138246137752976e-05, 4.762668985020115e-05, -2.5536513642009097e-05, 5.190311861746011e-06, -2.8581999882955426e-08, -7.995386293061611e-08], [-0.001494098723561376, -0.000739296182215457, 0.0012762762842497232, -0.0009916190273921521, 0.0002974845369557253, 2.884319044770628e-05, -3.4263363973394806e-05, 5.127259447915422e-06, 1.0833630529185016e-05, 1.1765858215383211e-05, -1.7209041464750454e-07, -7.342816325245506e-06, 6.084781718222036e-06, -1.4155650476264645e-06, -5.583583808561154e-08, 4.157927216777266e-08], [1.747315337941045, 0.01850295688770828, -0.028580263927355302, 0.022489158382790246, -0.011500202430597744, 0.003559671542018138, -0.0004922368658178117, 1.0833630529185016e-05, 26.641879869649276, 0.15772201831923194, -0.3026397311109237, 0.1579304153597781, -0.04960265841760273, 0.00013820171096688846, 0.005073296202391713, -0.00104833048565056], [-0.03006917175453494, 0.03273685668651173, -0.028683609133317516, 0.010543439038829254, -0.0009113071228068106, -0.00028272350512884367, 6.783303526924284e-07, 1.1765858215383211e-05, 0.15772201831923194, 0.7959391681541538, -0.7055790428733789, 0.32329633396367724, -0.048396846164614184, -0.012782289332141341, 0.005287875604456137, -0.0004982299330604164], [0.021895917356834615, -0.026197509005734913, 0.028106699357371617, -0.012600838790969135, 0.002177715201542282, 0.00010985597253670068, -5.2138246137752976e-05, -1.7209041464750454e-07, -0.3026397311109237, -0.7055790428733789, 0.8054650831851535, -0.4156715661756288, 0.07559674195051418, 0.015088006616819583, -0.007968898519290819, 0.0008694681147446467], [-0.02364738038254545, 0.008901149210379818, -0.011686870585137926, 0.006701444731400434, -0.0018521729143316694, 0.00010877974625159545, 4.762668985020115e-05, -7.342816325245506e-06, 0.1579304153597781, 0.32329633396367724, -0.4156715661756288, 0.24461923152987236, -0.05353317021668155, -0.008201270307423581, 0.005644048111759401, -0.0006958916308644311], [0.01578980510576935, 0.00030962062016149505, 0.0009912576739113234, -0.0013958160383433398, 0.000695844759794035, -8.834186353321786e-05, -2.5536513642009097e-05, 6.084781718222036e-06, -0.04960265841760273, -0.048396846164614184, 0.07559674195051418, -0.05353317021668155, 0.01446673560513218, 0.0015706105979647247, -0.0015488759003650656, 0.000215765684867401], [-0.006864464258222599, -0.0008267459751238654, 0.0007185752487471078, -0.000165321165007358, -3.6591867445893635e-05, 1.133205881985838e-05, 5.190311861746011e-06, -1.4155650476264645e-06, 0.00013820171096688846, -0.012782289332141341, 0.015088006616819583, -0.008201270307423581, 0.0015706105979647247, 0.0003143715920428343, -0.0001700865783776689, 1.8227268290970908e-05], [0.0017820800224598004, 0.00013411200152995884, -0.00020786946167194903, 0.0001191266605203172, -4.032605041945484e-05, 5.878973762140987e-06, -2.8581999882955426e-08, -5.583583808561154e-08, 0.005073296202391713, 0.005287875604456137, -0.007968898519290819, 0.005644048111759401, -0.0015488759003650656, -0.0001700865783776689, 0.0001711997522694936, -2.416641583538699e-05], [-0.0001948389689645868, -1.0141690945640813e-06, 1.5072964934174666e-05, -1.4211047919838806e-05, 7.382979301275601e-06, -1.392220306586007e-06, -7.995386293061611e-08, 4.157927216777266e-08, -0.00104833048565056, -0.0004982299330604164, 0.0008694681147446467, -0.0006958916308644311, 0.000215765684867401, 1.8227268290970908e-05, -2.416641583538699e-05, 3.668404912074712e-06]]], "B_list": [{"B_diag": [0.1009411620614777], "B_by_diag": [0.003530189570301016]}, {"B_diag": [0.0025571600488287533], "B_by_diag": [0.00010835373940898246]}, {"B_diag": [0.000522857354593997], "B_by_diag": [1.1964177668089934e-05]}, {"B_diag": [0.00018890432792466823], "B_by_diag": [9.161043083747408e-06]}, {"B_diag": [5.9016456274681854e-05], "B_by_diag": [2.729854462372932e-06]}, {"B_diag": [2.1832260160200407e-05], "B_by_diag": [1.76324661841168e-06]}, {"B_diag": [2.0154600708509896e-05], "B_by_diag": [2.374495527463957e-06]}, {"B_diag": [1.1684724545752494e-05], "B_by_diag": [5.227219710721701e-07]}], "bic_scores": [34.73056023747554, -52.76277036077852, -72.95877230685664, -71.68857210402024, -66.07496040719414, -48.242308045490034, -2.7463527368348366, 40.44918035368323], "best_bic": -72.95877230685664, "best_bic_A": [[30.551694327761183, -0.011138807430441704, -0.0495021823329111, 2.050568145253442, 0.0016894447267155868, -0.002637747368628584], [-0.011138807430441704, 0.18641470529728776, -0.020119477359700492, -0.0014259863138949326, 0.005553667442772655, -0.0003928111192046647], [-0.0495021823329111, -0.020119477359700492, 0.0048678204584712, -0.0008684159488567499, -0.0006825716324608747, 0.00012483602882291055], [2.050568145253442, -0.0014259863138949326, -0.0008684159488567499, 23.404849848867062, -0.03064738865647112, -0.046822363388092425], [0.0016894447267155868, 0.005553667442772655, -0.0006825716324608747, -0.03064738865647112, 0.1729529663336964, -0.018361060352588145], [-0.002637747368628584, -0.0003928111192046647, 0.00012483602882291055, -0.046822363388092425, -0.018361060352588145, 0.004391582135150602]], "best_bic_B": {"B_diag": [0.000522857354593997], "B_by_diag": [1.1964177668089934e-05]}, "best_bic_deg": 3, "best_bic_deg_idx": 2, "aic_scores": [31.227566783320146, -61.16995465075145, -89.07254219597144, -98.31132235560119, -106.00908578456557, -104.29020331197626, -77.71041265576017, -56.23343898100549], "best_aic": -106.00908578456557, "best_aic_A": [[36.54946831866973, 0.5994037407356172, -0.7139312220709544, 0.27551536303739366, -0.03995974575578203, 1.7482171686588128, 0.019131028270705893, -0.023821826856322607, 0.00948569255542186, -0.0011964017255239113], [0.5994037407356172, 0.7483949108430212, -0.5181703695961284, 0.1825157020484711, -0.023932380738222275, 0.02081676239538419, 0.02948683123526966, -0.019268732600661906, 0.00705497832334771, -0.0008363343467126525], [-0.7139312220709544, -0.5181703695961284, 0.4541554111264864, -0.16894783818250836, 0.02271022478681959, -0.027620874289890206, -0.020478506404534396, 0.015527815149103586, -0.005818120978016356, 0.000692636449818307], [0.27551536303739366, 0.1825157020484711, -0.16894783818250836, 0.0660488547463166, -0.009189863223573085, 0.010356653991388425, 0.006960718488578735, -0.005755770775964235, 0.0022800709048731685, -0.00027841654081165], [-0.03995974575578203, -0.023932380738222275, 0.02271022478681959, -0.009189863223573085, 0.0013148085717262505, -0.0015154599649539798, -0.0008899489218883665, 0.0007351520485402975, -0.00030273627982086945, 3.754584036851463e-05], [1.7482171686588128, 0.02081676239538419, -0.027620874289890206, 0.010356653991388425, -0.0015154599649539798, 27.020533757472645, 0.4176514969419614, -0.5359445626156893, 0.20043910367272724, -0.028942113163138727], [0.019131028270705893, 0.02948683123526966, -0.020478506404534396, 0.006960718488578735, -0.0008899489218883665, 0.4176514969419614, 0.5613566356018662, -0.3769045286307015, 0.13128431209484628, -0.01724535722639717], [-0.023821826856322607, -0.019268732600661906, 0.015527815149103586, -0.005755770775964235, 0.0007351520485402975, -0.5359445626156893, -0.3769045286307015, 0.338585964315035, -0.12545729637273273, 0.016847890240558026], [0.00948569255542186, 0.00705497832334771, -0.005818120978016356, 0.0022800709048731685, -0.00030273627982086945, 0.20043910367272724, 0.13128431209484628, -0.12545729637273273, 0.04914189702738382, -0.006845473526269901], [-0.0011964017255239113, -0.0008363343467126525, 0.000692636449818307, -0.00027841654081165, 3.754584036851463e-05, -0.028942113163138727, -0.01724535722639717, 0.016847890240558026, -0.006845473526269901, 0.0009819740502748618]], "best_aic_B": {"B_diag": [5.9016456274681854e-05], "B_by_diag": [2.729854462372932e-06]}, "best_aic_deg": 5, "best_aic_deg_idx": 4, "lr": 0.01, "optimizer": null, "epochs": 150, "best_epochs": [147, 148, 125, 142, 133, 145, 149, 148], "batch_size": 1024}