{"degree": [1, 2, 3, 4, 5, 6, 7, 8], "losses": [266.85108112283496, 62.561958430916086, -66.3978875729746, -154.4062391390714, -218.5967899334851, -268.562727256781, -283.89830966697264, -311.04216787380767], "A_list": [[[24.462008634967983, 1.3089668179482339], [1.3089668179482339, 17.320051122182015]], [[36.27228770704556, -0.4459320663073982, 1.7301003533071218, -0.026228246087690792], [-0.4459320663073982, 0.07773771588539699, -0.019313499214479904, 0.0031281678363187476], [1.7301003533071218, -0.019313499214479904, 28.727489203840523, -0.4467692361701868], [-0.026228246087690792, 0.0031281678363187476, -0.4467692361701868, 0.07169427442370975]], [[36.38505005637446, -0.33650840512075003, -0.014568153734939684, 1.72891670982982, -0.007358477285203386, -0.0024625719999681094], [-0.33650840512075003, 0.20096047652946372, -0.012681779860699663, -0.013596871347781078, 0.005511925577369252, -0.0001368957774394706], [-0.014568153734939684, -0.012681779860699663, 0.001305336536133656, -0.00047368621558901324, -0.00037732464060892827, 2.873047126604196e-05], [1.72891670982982, -0.013596871347781078, -0.00047368621558901324, 27.995400037738314, -0.3343397820625848, -0.013817243082922126], [-0.007358477285203386, 0.005511925577369252, -0.00037732464060892827, -0.3343397820625848, 0.18862632478398278, -0.01203406366060184], [-0.0024625719999681094, -0.0001368957774394706, 2.873047126604196e-05, -0.013817243082922126, -0.01203406366060184, 0.0012373162138265804]], [[36.8870164425542, -0.18003368194949665, -0.0451988145960458, 0.0024262043710161977, 1.7969611193613404, -0.005485476721569083, -0.002790598363517738, 3.353973663640321e-05], [-0.18003368194949665, 0.2767128541787624, -0.04230109925596118, 0.002201296941624217, -0.005825502003355822, 0.006566158327424552, -0.0005777262408912097, 2.220339426178102e-05], [-0.0451988145960458, -0.04230109925596118, 0.0114341126262923, -0.0007596006578743936, -0.0024388610855272936, -0.0010981386669433216, 0.00025339414846428936, -1.4227749716779018e-05], [0.0024262043710161977, 0.002201296941624217, -0.0007596006578743936, 5.6953547877890064e-05, 0.00012612431603988694, 6.651799524455822e-05, -2.005703280516578e-05, 1.3059817427604187e-06], [1.7969611193613404, -0.005825502003355822, -0.0024388610855272936, 0.00012612431603988694, 27.517346991578414, -0.16753432182448563, -0.04401458711185276, 0.0023750974013714626], [-0.005485476721569083, 0.006566158327424552, -0.0010981386669433216, 6.651799524455822e-05, -0.16753432182448563, 0.2580038435210028, -0.03984008400686059, 0.002077994086614116], [-0.002790598363517738, -0.0005777262408912097, 0.00025339414846428936, -2.005703280516578e-05, -0.04401458711185276, -0.03984008400686059, 0.010856176486641049, -0.0007240239319838875], [3.353973663640321e-05, 2.220339426178102e-05, -1.4227749716779018e-05, 1.3059817427604187e-06, 0.0023750974013714626, 0.002077994086614116, -0.0007240239319838875, 5.447868008129372e-05]], [[36.69717967173104, -0.04943206381517201, -0.08061282719494861, 0.007595393968271924, -0.00032475751256313127, 1.8094864545461915, -0.006715592488869945, -0.0021143863965292892, -7.44129607884952e-05, 4.712507803311048e-06], [-0.04943206381517201, 0.31752810908287005, -0.0832984621417128, 0.010528658382321211, -0.0004970410289691636, -0.006454837071930656, 0.008085676061475752, -0.0013108460983602321, 0.0001325083897718372, -5.346530134411115e-06], [-0.08061282719494861, -0.0832984621417128, 0.03895565099116142, -0.006055785054660671, 0.00031760645644369557, -0.001105062718627258, -0.002109186077504038, 0.0007132204091524012, -8.851193003293889e-05, 3.985525607452213e-06], [0.007595393968271924, 0.010528658382321211, -0.006055785054660671, 0.0010659013236054315, -6.050935352019565e-05, -0.00010496458099345354, 0.0002898028747652546, -0.00012066554522394066, 1.7746130015497862e-05, -9.045680380255712e-07], [-0.00032475751256313127, -0.0004970410289691636, 0.00031760645644369557, -6.050935352019565e-05, 3.625838861318652e-06, 1.7212474721923064e-05, -1.5105467135533868e-05, 6.7818747915124955e-06, -1.1141388598615222e-06, 6.174021170638786e-08], [1.8094864545461915, -0.006454837071930656, -0.001105062718627258, -0.00010496458099345354, 1.7212474721923064e-05, 27.280819747369073, -0.0525987265583201, -0.07326716073078736, 0.006543292044777785, -0.00026503388741026617], [-0.006715592488869945, 0.008085676061475752, -0.002109186077504038, 0.0002898028747652546, -1.5105467135533868e-05, -0.0525987265583201, 0.29634573691341515, -0.0795327165969231, 0.010138916838242211, -0.00048069419407888723], [-0.0021143863965292892, -0.0013108460983602321, 0.0007132204091524012, -0.00012066554522394066, 6.7818747915124955e-06, -0.07326716073078736, -0.0795327165969231, 0.03770503020312235, -0.005886078130808321, 0.0003092951296026325], [-7.44129607884952e-05, 0.0001325083897718372, -8.851193003293889e-05, 1.7746130015497862e-05, -1.1141388598615222e-06, 0.006543292044777785, 0.010138916838242211, -0.005886078130808321, 0.001037134321905972, -5.888976869799558e-05], [4.712507803311048e-06, -5.346530134411115e-06, 3.985525607452213e-06, -9.045680380255712e-07, 6.174021170638786e-08, -0.00026503388741026617, -0.00048069419407888723, 0.0003092951296026325, -5.888976869799558e-05, 3.5268968302705523e-06]], [[36.730299977852006, -0.05490612111243742, -0.061249994898109804, -0.0010852530037083249, 0.0010475613608541242, -7.25010775907625e-05, 1.8126922511660732, -0.005557859482218024, -0.0024263605336027894, -7.551324154920179e-05, 1.4150628435440668e-05, -5.772223551979051e-07], [-0.05490612111243742, 0.31025322386103726, -0.09622178289388242, 0.01693076448645679, -0.0014776312243206678, 4.891160848511296e-05, -0.009379077097307141, 0.00841225458508463, -0.0016072684565282373, 0.00022545426467210925, -1.830963188213073e-05, 6.007972702987636e-07], [-0.061249994898109804, -0.09622178289388242, 0.05603285233935365, -0.012634286630074147, 0.001298790953180413, -5.054520977751442e-05, -5.955080565763535e-05, -0.0023286156441683164, 0.0009165640865577294, -0.00015750820658506893, 1.4306848774252916e-05, -5.237564023245221e-07], [-0.0010852530037083249, 0.01693076448645679, -0.012634286630074147, 0.0035031275544310284, -0.0004245115857960996, 1.9000212993144963e-05, -0.0004336896723756302, 0.00032731023815985277, -0.00017447953760935434, 4.065960576057903e-05, -4.672840890982027e-06, 2.0439033562099748e-07], [0.0010475613608541242, -0.0014776312243206678, 0.001298790953180413, -0.0004245115857960996, 5.8261271816746225e-05, -2.8675623582849935e-06, 6.415711091738693e-05, -1.788101222388221e-05, 1.4203093768012885e-05, -4.768444269860198e-06, 6.919759518174376e-07, -3.524058664650619e-08], [-7.25010775907625e-05, 4.891160848511296e-05, -5.054520977751442e-05, 1.9000212993144963e-05, -2.8675623582849935e-06, 1.50896022530536e-07, -2.820850920121184e-06, 6.11656389826736e-08, -3.7238781367064063e-07, 2.035922551991184e-07, -3.607809101230894e-08, 2.0483602046253514e-09], [1.8126922511660732, -0.009379077097307141, -5.955080565763535e-05, -0.0004336896723756302, 6.415711091738693e-05, -2.820850920121184e-06, 27.308094887055365, -0.05051348506488368, -0.05854308715815246, -0.0006650567005126451, 0.0008897032944968179, -6.0540799695868864e-05], [-0.005557859482218024, 0.00841225458508463, -0.0023286156441683164, 0.00032731023815985277, -1.788101222388221e-05, 6.11656389826736e-08, -0.05051348506488368, 0.2835132540361755, -0.08930465041674157, 0.015771495923464288, -0.0013713505471001134, 4.484043257375069e-05], [-0.0024263605336027894, -0.0016072684565282373, 0.0009165640865577294, -0.00017447953760935434, 1.4203093768012885e-05, -3.7238781367064063e-07, -0.05854308715815246, -0.08930465041674157, 0.05298474713370049, -0.012013929653402075, 0.0012358833606248075, -4.8013981620375075e-05], [-7.551324154920179e-05, 0.00022545426467210925, -0.00015750820658506893, 4.065960576057903e-05, -4.768444269860198e-06, 2.035922551991184e-07, -0.0006650567005126451, 0.015771495923464288, -0.012013929653402075, 0.0033535009353126612, -0.00040712849781969663, 1.822383615040418e-05], [1.4150628435440668e-05, -1.830963188213073e-05, 1.4306848774252916e-05, -4.672840890982027e-06, 6.919759518174376e-07, -3.607809101230894e-08, 0.0008897032944968179, -0.0013713505471001134, 0.0012358833606248075, -0.00040712849781969663, 5.59755560611356e-05, -2.7549963301351622e-06], [-5.772223551979051e-07, 6.007972702987636e-07, -5.237564023245221e-07, 2.0439033562099748e-07, -3.524058664650619e-08, 2.0483602046253514e-09, -6.0540799695868864e-05, 4.484043257375069e-05, -4.8013981620375075e-05, 1.822383615040418e-05, -2.7549963301351622e-06, 1.449241375256909e-07]], [[35.790844850009755, 0.010929055352002922, -0.09645513929678977, 0.00718733244076811, -0.0008381223630760588, 0.00023450102738505911, -1.906675757688501e-05, 1.7804635904732844, -0.007766167336529378, -0.0017946575596586856, -0.00035167801807999347, 5.293545773677735e-05, -7.914458813474246e-07, -1.95069191146835e-07], [0.010929055352002922, 0.29810547166688645, -0.08777624765771276, 0.013570588862259717, -0.0005982397378126588, -7.12596925937595e-05, 6.24518486461351e-06, -0.008591175523480522, 0.006221058019132776, 0.0003601387639596979, -0.0007098441888547496, 0.00020501789109887591, -2.4907388424582775e-05, 1.1175139744849268e-06], [-0.09645513929678977, -0.08777624765771276, 0.04986176771633811, -0.010087647784578865, 0.0006438774671277653, 3.6183041698113775e-05, -4.3917404691433925e-06, -0.0004647551888630198, -0.00040912889428057855, -0.0008765241069032903, 0.0006721611189614464, -0.00017885719139233293, 2.1179344551289557e-05, -9.41060202273883e-07], [0.00718733244076811, 0.013570588862259717, -0.010087647784578865, 0.002658485278421797, -0.0002718129083024312, 4.1321418763036305e-06, 6.080328327209079e-07, -0.00034102390085376445, -0.0005021383101439262, 0.0005995881982983935, -0.0003055795189664039, 7.324876133839134e-05, -8.321590052436604e-06, 3.62048272825179e-07], [-0.0008381223630760588, -0.0005982397378126588, 0.0006438774671277653, -0.0002718129083024312, 5.165067929752904e-05, -4.516543672414913e-06, 1.472909739686848e-07, 1.0055149429316046e-05, 0.00017209369937384037, -0.0001588459357019205, 6.970973545340202e-05, -1.5454907147642382e-05, 1.676783740981678e-06, -7.080133755181967e-08], [0.00023450102738505911, -7.12596925937595e-05, 3.6183041698113775e-05, 4.1321418763036305e-06, -4.516543672414913e-06, 7.750750200009698e-07, -4.141215665596807e-08, 9.14956968933526e-06, -2.1527200595593832e-05, 1.8720134761556244e-05, -7.730160004250282e-06, 1.6239475799500306e-06, -1.6838301418547375e-07, 6.848246843726344e-09], [-1.906675757688501e-05, 6.24518486461351e-06, -4.3917404691433925e-06, 6.080328327209079e-07, 1.472909739686848e-07, -4.141215665596807e-08, 2.6096905680025703e-09, -8.013037090730537e-07, 9.526715872618452e-07, -8.226369044665378e-07, 3.317836854275e-07, -6.725938688044483e-08, 6.696751662254885e-09, -2.6135434521404e-10], [1.7804635904732844, -0.008591175523480522, -0.0004647551888630198, -0.00034102390085376445, 1.0055149429316046e-05, 9.14956968933526e-06, -8.013037090730537e-07, 26.710616251038672, 0.018566836880000298, -0.09120318002204744, 0.006238233543252084, -0.0005579419537986041, 0.00017696128294913472, -1.508170590793175e-05], [-0.007766167336529378, 0.006221058019132776, -0.00040912889428057855, -0.0005021383101439262, 0.00017209369937384037, -2.1527200595593832e-05, 9.526715872618452e-07, 0.018566836880000298, 0.27025477655325, -0.08041931298036219, 0.011888626328800176, -0.0002917857619741195, -0.00010537469896480095, 7.81444255773442e-06], [-0.0017946575596586856, 0.0003601387639596979, -0.0008765241069032903, 0.0005995881982983935, -0.0001588459357019205, 1.8720134761556244e-05, -8.226369044665378e-07, -0.09120318002204744, -0.08041931298036219, 0.046341551078050006, -0.008931194859612655, 0.0003963700135260187, 6.448627194286266e-05, -5.666353592727408e-06], [-0.00035167801807999347, -0.0007098441888547496, 0.0006721611189614464, -0.0003055795189664039, 6.970973545340202e-05, -7.730160004250282e-06, 3.317836854275e-07, 0.006238233543252084, 0.011888626328800176, -0.008931194859612655, 0.0022166598615446843, -0.00018017308572378167, -5.4688365873685905e-06, 1.0041076785957462e-06], [5.293545773677735e-05, 0.00020501789109887591, -0.00017885719139233293, 7.324876133839134e-05, -1.5454907147642382e-05, 1.6239475799500306e-06, -6.725938688044483e-08, -0.0005579419537986041, -0.0002917857619741195, 0.0003963700135260187, -0.00018017308572378167, 3.448261775525948e-05, -2.918625282860918e-06, 8.831946345447228e-08], [-7.914458813474246e-07, -2.4907388424582775e-05, 2.1179344551289557e-05, -8.321590052436604e-06, 1.676783740981678e-06, -1.6838301418547375e-07, 6.696751662254885e-09, 0.00017696128294913472, -0.00010537469896480095, 6.448627194286266e-05, -5.4688365873685905e-06, -2.918625282860918e-06, 6.441847259091163e-07, -3.7135046449135114e-08], [-1.95069191146835e-07, 1.1175139744849268e-06, -9.41060202273883e-07, 3.62048272825179e-07, -7.080133755181967e-08, 6.848246843726344e-09, -2.6135434521404e-10, -1.508170590793175e-05, 7.81444255773442e-06, -5.666353592727408e-06, 1.0041076785957462e-06, 8.831946345447228e-08, -3.7135046449135114e-08, 2.4843215635673288e-09]], [[35.93257046770624, 0.021537372518797605, -0.10535440201186028, 0.012840977744513279, -0.0015463577157441564, 1.0126451081615409e-05, 3.93973534786851e-05, -3.6104805890871027e-06, 1.7743218269287024, -0.0032974106564531815, -0.0051899189812380205, 0.0009618249097031231, -0.00026324345794730445, 5.25034009131929e-05, -5.719823521553736e-06, 2.419510428374363e-07], [0.021537372518797605, 0.31187297602374936, -0.09896419516701084, 0.017229298951030647, -0.0010026253689987893, -0.00010177656188195384, 1.5936896957480608e-05, -5.503977251429399e-07, -0.008687581777022075, 0.005234203522459214, 0.0005661614949172443, -0.00026815536594334, 2.2615998501475475e-05, 1.90228964032001e-07, 4.309464185730892e-08, -1.2108187262326182e-08], [-0.10535440201186028, -0.09896419516701084, 0.058784770535156426, -0.013052670912552432, 0.0009439198206064152, 7.83621817982955e-05, -1.532981156501069e-05, 6.186373413700309e-07, -0.0018487552776126981, -0.00027794325717963035, -0.0005331014313066316, 0.00017371928164649304, -9.631195127972055e-06, -1.900284162599633e-06, 2.3298765840764313e-07, -6.105108071882044e-09], [0.012840977744513279, 0.017229298951030647, -0.013052670912552432, 0.003727845967956301, -0.0003769389079408683, -1.850937219235204e-05, 6.148840234620045e-06, -3.198983348898965e-07, 0.0005422955125828266, -8.901683544694774e-05, 0.00013411249410020905, -3.370458351665142e-05, -1.1366959501253959e-07, 1.152953305674944e-06, -1.6791639276372786e-07, 7.863893666627502e-09], [-0.0015463577157441564, -0.0010026253689987893, 0.0009439198206064152, -0.0003769389079408683, 5.4697397913675623e-05, 1.0051248256646209e-06, -9.102975906590357e-07, 5.839395960139665e-08, -0.00023728828378881, 9.345042900921039e-06, -7.87737093865039e-06, 3.419364549189523e-07, 6.734213920909402e-07, -2.0923468122147465e-07, 2.6886160704646846e-08, -1.312797881714675e-09], [1.0126451081615409e-05, -0.00010177656188195384, 7.83621817982955e-05, -1.850937219235204e-05, 1.0051248256646209e-06, 1.49586874110385e-07, -1.4770454238439047e-08, 3.301628533986675e-11, 4.6338769750929124e-05, -7.519694472832494e-07, -1.915202867380337e-08, 5.685259211563782e-07, -1.4180748662663673e-07, 1.5613813419927629e-09, 2.1131451002091075e-09, -1.4771095675052667e-10], [3.93973534786851e-05, 1.5936896957480608e-05, -1.532981156501069e-05, 6.148840234620045e-06, -9.102975906590357e-07, -1.4770454238439047e-08, 1.5300624034098673e-08, -1.003774928071877e-09, -3.738574439913285e-06, 3.5678724645110087e-07, -1.6229831715142818e-07, -5.120939032970909e-08, 1.2025304058524027e-08, 3.0128413351846507e-09, -8.380701489591775e-10, 5.062286115096495e-11], [-3.6104805890871027e-06, -5.503977251429399e-07, 6.186373413700309e-07, -3.198983348898965e-07, 5.839395960139665e-08, 3.301628533986675e-11, -1.003774928071877e-09, 7.297858165686905e-11, 9.334361738203009e-08, -3.366646465595481e-08, 1.8098424904703447e-08, 8.196400792471894e-10, -3.7704537284863597e-10, -2.1719888924941133e-10, 5.3176265131268574e-11, -3.1548556688740164e-12], [1.7743218269287024, -0.008687581777022075, -0.0018487552776126981, 0.0005422955125828266, -0.00023728828378881, 4.6338769750929124e-05, -3.738574439913285e-06, 9.334361738203009e-08, 26.779031325414117, 0.016892830707484294, -0.09286273981772714, 0.009049698051762986, -0.000889762121542633, 1.5621865196676224e-05, 2.409640346393119e-05, -2.3742593154278298e-06], [-0.0032974106564531815, 0.005234203522459214, -0.00027794325717963035, -8.901683544694774e-05, 9.345042900921039e-06, -7.519694472832494e-07, 3.5678724645110087e-07, -3.366646465595481e-08, 0.016892830707484294, 0.26507962473936614, -0.078425860700029, 0.012587951767083728, -0.0005926548267639889, -8.828071548581853e-05, 1.1376884550402533e-05, -3.3989454144236086e-07], [-0.0051899189812380205, 0.0005661614949172443, -0.0005331014313066316, 0.00013411249410020905, -7.87737093865039e-06, -1.915202867380337e-08, -1.6229831715142818e-07, 1.8098424904703447e-08, -0.09286273981772714, -0.078425860700029, 0.04613063748135062, -0.009810188093360494, 0.0006303721244445264, 6.774385333249277e-05, -1.1353494405666546e-05, 4.2049901456608303e-07], [0.0009618249097031231, -0.00026815536594334, 0.00017371928164649304, -3.370458351665142e-05, 3.419364549189523e-07, 5.685259211563782e-07, -5.120939032970909e-08, 8.196400792471894e-10, 0.009049698051762986, 0.012587951767083728, -0.009810188093360494, 0.0027777505799052027, -0.00026965241551744033, -1.588061669675215e-05, 4.6721475392434384e-06, -2.3601183525022586e-07], [-0.00026324345794730445, 2.2615998501475475e-05, -9.631195127972055e-06, -1.1366959501253959e-07, 6.734213920909402e-07, -1.4180748662663673e-07, 1.2025304058524027e-08, -3.7704537284863597e-10, -0.000889762121542633, -0.0005926548267639889, 0.0006303721244445264, -0.00026965241551744033, 4.03502560685728e-05, 7.915369551027349e-07, -6.953257362559127e-07, 4.4720568374703614e-08], [5.25034009131929e-05, 1.90228964032001e-07, -1.900284162599633e-06, 1.152953305674944e-06, -2.0923468122147465e-07, 1.5613813419927629e-09, 3.0128413351846507e-09, -2.1719888924941133e-10, 1.5621865196676224e-05, -8.828071548581853e-05, 6.774385333249277e-05, -1.588061669675215e-05, 7.915369551027349e-07, 1.4195171913291147e-07, -1.3291570330004987e-08, 1.5846804102579588e-11], [-5.719823521553736e-06, 4.309464185730892e-08, 2.3298765840764313e-07, -1.6791639276372786e-07, 2.6886160704646846e-08, 2.1131451002091075e-09, -8.380701489591775e-10, 5.3176265131268574e-11, 2.409640346393119e-05, 1.1376884550402533e-05, -1.1353494405666546e-05, 4.6721475392434384e-06, -6.953257362559127e-07, -1.3291570330004987e-08, 1.209492094997428e-08, -7.880529409129228e-10], [2.419510428374363e-07, -1.2108187262326182e-08, -6.105108071882044e-09, 7.863893666627502e-09, -1.312797881714675e-09, -1.4771095675052667e-10, 5.062286115096495e-11, -3.1548556688740164e-12, -2.3742593154278298e-06, -3.3989454144236086e-07, 4.2049901456608303e-07, -2.3601183525022586e-07, 4.4720568374703614e-08, 1.5846804102579588e-11, -7.880529409129228e-10, 5.760516458748784e-11]]], "B_list": [{"B_diag": [2.3067658521228687], "B_by_diag": [0.08956786598509153]}, {"B_diag": [0.1078918862816791], "B_by_diag": [0.002068840759540674]}, {"B_diag": [0.014862262856318316], "B_by_diag": [0.00027429373667317705]}, {"B_diag": [0.0036917031574664715], "B_by_diag": [9.935324544483135e-05]}, {"B_diag": [0.0013080478685139872], "B_by_diag": [3.59343115837394e-05]}, {"B_diag": [0.0005596034801706067], "B_by_diag": [1.778891977708786e-05]}, {"B_diag": [0.0003756983538525152], "B_by_diag": [6.428815401641588e-05]}, {"B_diag": [0.00025575148872943705], "B_by_diag": [9.452124470291759e-06]}], "bic_scores": [277.47231922795834, 88.05292988321224, -17.540192289406967, -73.68482954013358, -97.51467553507835, -98.62291757480662, -56.603814217331916, -17.89599617240185], "best_bic": -98.62291757480662, "best_bic_A": [[36.730299977852006, -0.05490612111243742, -0.061249994898109804, -0.0010852530037083249, 0.0010475613608541242, -7.25010775907625e-05, 1.8126922511660732, -0.005557859482218024, -0.0024263605336027894, -7.551324154920179e-05, 1.4150628435440668e-05, -5.772223551979051e-07], [-0.05490612111243742, 0.31025322386103726, -0.09622178289388242, 0.01693076448645679, -0.0014776312243206678, 4.891160848511296e-05, -0.009379077097307141, 0.00841225458508463, -0.0016072684565282373, 0.00022545426467210925, -1.830963188213073e-05, 6.007972702987636e-07], [-0.061249994898109804, -0.09622178289388242, 0.05603285233935365, -0.012634286630074147, 0.001298790953180413, -5.054520977751442e-05, -5.955080565763535e-05, -0.0023286156441683164, 0.0009165640865577294, -0.00015750820658506893, 1.4306848774252916e-05, -5.237564023245221e-07], [-0.0010852530037083249, 0.01693076448645679, -0.012634286630074147, 0.0035031275544310284, -0.0004245115857960996, 1.9000212993144963e-05, -0.0004336896723756302, 0.00032731023815985277, -0.00017447953760935434, 4.065960576057903e-05, -4.672840890982027e-06, 2.0439033562099748e-07], [0.0010475613608541242, -0.0014776312243206678, 0.001298790953180413, -0.0004245115857960996, 5.8261271816746225e-05, -2.8675623582849935e-06, 6.415711091738693e-05, -1.788101222388221e-05, 1.4203093768012885e-05, -4.768444269860198e-06, 6.919759518174376e-07, -3.524058664650619e-08], [-7.25010775907625e-05, 4.891160848511296e-05, -5.054520977751442e-05, 1.9000212993144963e-05, -2.8675623582849935e-06, 1.50896022530536e-07, -2.820850920121184e-06, 6.11656389826736e-08, -3.7238781367064063e-07, 2.035922551991184e-07, -3.607809101230894e-08, 2.0483602046253514e-09], [1.8126922511660732, -0.009379077097307141, -5.955080565763535e-05, -0.0004336896723756302, 6.415711091738693e-05, -2.820850920121184e-06, 27.308094887055365, -0.05051348506488368, -0.05854308715815246, -0.0006650567005126451, 0.0008897032944968179, -6.0540799695868864e-05], [-0.005557859482218024, 0.00841225458508463, -0.0023286156441683164, 0.00032731023815985277, -1.788101222388221e-05, 6.11656389826736e-08, -0.05051348506488368, 0.2835132540361755, -0.08930465041674157, 0.015771495923464288, -0.0013713505471001134, 4.484043257375069e-05], [-0.0024263605336027894, -0.0016072684565282373, 0.0009165640865577294, -0.00017447953760935434, 1.4203093768012885e-05, -3.7238781367064063e-07, -0.05854308715815246, -0.08930465041674157, 0.05298474713370049, -0.012013929653402075, 0.0012358833606248075, -4.8013981620375075e-05], [-7.551324154920179e-05, 0.00022545426467210925, -0.00015750820658506893, 4.065960576057903e-05, -4.768444269860198e-06, 2.035922551991184e-07, -0.0006650567005126451, 0.015771495923464288, -0.012013929653402075, 0.0033535009353126612, -0.00040712849781969663, 1.822383615040418e-05], [1.4150628435440668e-05, -1.830963188213073e-05, 1.4306848774252916e-05, -4.672840890982027e-06, 6.919759518174376e-07, -3.607809101230894e-08, 0.0008897032944968179, -0.0013713505471001134, 0.0012358833606248075, -0.00040712849781969663, 5.59755560611356e-05, -2.7549963301351622e-06], [-5.772223551979051e-07, 6.007972702987636e-07, -5.237564023245221e-07, 2.0439033562099748e-07, -3.524058664650619e-08, 2.0483602046253514e-09, -6.0540799695868864e-05, 4.484043257375069e-05, -4.8013981620375075e-05, 1.822383615040418e-05, -2.7549963301351622e-06, 1.449241375256909e-07]], "best_bic_B": {"B_diag": [0.0005596034801706067], "B_by_diag": [1.778891977708786e-05]}, "best_bic_deg": 6, "best_bic_deg_idx": 5, "aic_scores": [271.85108112283496, 74.56195843091609, -43.3978875729746, -116.4062391390714, -161.5967899334851, -188.562727256781, -176.89830966697264, -173.04216787380767], "best_aic": -188.562727256781, "best_aic_A": [[36.730299977852006, -0.05490612111243742, -0.061249994898109804, -0.0010852530037083249, 0.0010475613608541242, -7.25010775907625e-05, 1.8126922511660732, -0.005557859482218024, -0.0024263605336027894, -7.551324154920179e-05, 1.4150628435440668e-05, -5.772223551979051e-07], [-0.05490612111243742, 0.31025322386103726, -0.09622178289388242, 0.01693076448645679, -0.0014776312243206678, 4.891160848511296e-05, -0.009379077097307141, 0.00841225458508463, -0.0016072684565282373, 0.00022545426467210925, -1.830963188213073e-05, 6.007972702987636e-07], [-0.061249994898109804, -0.09622178289388242, 0.05603285233935365, -0.012634286630074147, 0.001298790953180413, -5.054520977751442e-05, -5.955080565763535e-05, -0.0023286156441683164, 0.0009165640865577294, -0.00015750820658506893, 1.4306848774252916e-05, -5.237564023245221e-07], [-0.0010852530037083249, 0.01693076448645679, -0.012634286630074147, 0.0035031275544310284, -0.0004245115857960996, 1.9000212993144963e-05, -0.0004336896723756302, 0.00032731023815985277, -0.00017447953760935434, 4.065960576057903e-05, -4.672840890982027e-06, 2.0439033562099748e-07], [0.0010475613608541242, -0.0014776312243206678, 0.001298790953180413, -0.0004245115857960996, 5.8261271816746225e-05, -2.8675623582849935e-06, 6.415711091738693e-05, -1.788101222388221e-05, 1.4203093768012885e-05, -4.768444269860198e-06, 6.919759518174376e-07, -3.524058664650619e-08], [-7.25010775907625e-05, 4.891160848511296e-05, -5.054520977751442e-05, 1.9000212993144963e-05, -2.8675623582849935e-06, 1.50896022530536e-07, -2.820850920121184e-06, 6.11656389826736e-08, -3.7238781367064063e-07, 2.035922551991184e-07, -3.607809101230894e-08, 2.0483602046253514e-09], [1.8126922511660732, -0.009379077097307141, -5.955080565763535e-05, -0.0004336896723756302, 6.415711091738693e-05, -2.820850920121184e-06, 27.308094887055365, -0.05051348506488368, -0.05854308715815246, -0.0006650567005126451, 0.0008897032944968179, -6.0540799695868864e-05], [-0.005557859482218024, 0.00841225458508463, -0.0023286156441683164, 0.00032731023815985277, -1.788101222388221e-05, 6.11656389826736e-08, -0.05051348506488368, 0.2835132540361755, -0.08930465041674157, 0.015771495923464288, -0.0013713505471001134, 4.484043257375069e-05], [-0.0024263605336027894, -0.0016072684565282373, 0.0009165640865577294, -0.00017447953760935434, 1.4203093768012885e-05, -3.7238781367064063e-07, -0.05854308715815246, -0.08930465041674157, 0.05298474713370049, -0.012013929653402075, 0.0012358833606248075, -4.8013981620375075e-05], [-7.551324154920179e-05, 0.00022545426467210925, -0.00015750820658506893, 4.065960576057903e-05, -4.768444269860198e-06, 2.035922551991184e-07, -0.0006650567005126451, 0.015771495923464288, -0.012013929653402075, 0.0033535009353126612, -0.00040712849781969663, 1.822383615040418e-05], [1.4150628435440668e-05, -1.830963188213073e-05, 1.4306848774252916e-05, -4.672840890982027e-06, 6.919759518174376e-07, -3.607809101230894e-08, 0.0008897032944968179, -0.0013713505471001134, 0.0012358833606248075, -0.00040712849781969663, 5.59755560611356e-05, -2.7549963301351622e-06], [-5.772223551979051e-07, 6.007972702987636e-07, -5.237564023245221e-07, 2.0439033562099748e-07, -3.524058664650619e-08, 2.0483602046253514e-09, -6.0540799695868864e-05, 4.484043257375069e-05, -4.8013981620375075e-05, 1.822383615040418e-05, -2.7549963301351622e-06, 1.449241375256909e-07]], "best_aic_B": {"B_diag": [0.0005596034801706067], "B_by_diag": [1.778891977708786e-05]}, "best_aic_deg": 6, "best_aic_deg_idx": 5, "lr": [{"class_name": "PiecewiseConstantDecay", "config": {"boundaries": [21150], "values": [0.01, 0.001], "name": null}}, {"class_name": "PiecewiseConstantDecay", "config": {"boundaries": [21150], "values": [0.01, 0.001], "name": null}}, {"class_name": "PiecewiseConstantDecay", "config": {"boundaries": [21150], "values": [0.01, 0.001], "name": null}}, {"class_name": "PiecewiseConstantDecay", "config": {"boundaries": [21150], "values": [0.01, 0.001], "name": null}}, {"class_name": "PiecewiseConstantDecay", "config": {"boundaries": [21150], "values": [0.01, 0.001], "name": null}}, {"class_name": "PiecewiseConstantDecay", "config": {"boundaries": [21150], "values": [0.01, 0.001], "name": null}}, {"class_name": "PiecewiseConstantDecay", "config": {"boundaries": [21150], "values": [0.01, 0.001], "name": null}}, {"class_name": "PiecewiseConstantDecay", "config": {"boundaries": [21150], "values": [0.01, 0.001], "name": null}}], "optimizer": [{"class_name": "Adam", "config": {"name": "Adam", "learning_rate": {"class_name": "PiecewiseConstantDecay", "config": {"boundaries": [21150], "values": [0.01, 0.001], "name": null}}, "decay": 0.0, "beta_1": 0.9, "beta_2": 0.999, "epsilon": 1e-07, "amsgrad": false}}, {"class_name": "Adam", "config": {"name": "Adam", "learning_rate": {"class_name": "PiecewiseConstantDecay", "config": {"boundaries": [21150], "values": [0.01, 0.001], "name": null}}, "decay": 0.0, "beta_1": 0.9, "beta_2": 0.999, "epsilon": 1e-07, "amsgrad": false}}, {"class_name": "Adam", "config": {"name": "Adam", "learning_rate": {"class_name": "PiecewiseConstantDecay", "config": {"boundaries": [21150], "values": [0.01, 0.001], "name": null}}, "decay": 0.0, "beta_1": 0.9, "beta_2": 0.999, "epsilon": 1e-07, "amsgrad": false}}, {"class_name": "Adam", "config": {"name": "Adam", "learning_rate": {"class_name": "PiecewiseConstantDecay", "config": {"boundaries": [21150], "values": [0.01, 0.001], "name": null}}, "decay": 0.0, "beta_1": 0.9, "beta_2": 0.999, "epsilon": 1e-07, "amsgrad": false}}, {"class_name": "Adam", "config": {"name": "Adam", "learning_rate": {"class_name": "PiecewiseConstantDecay", "config": {"boundaries": [21150], "values": [0.01, 0.001], "name": null}}, "decay": 0.0, "beta_1": 0.9, "beta_2": 0.999, "epsilon": 1e-07, "amsgrad": false}}, {"class_name": "Adam", "config": {"name": "Adam", "learning_rate": {"class_name": "PiecewiseConstantDecay", "config": {"boundaries": [21150], "values": [0.01, 0.001], "name": null}}, "decay": 0.0, "beta_1": 0.9, "beta_2": 0.999, "epsilon": 1e-07, "amsgrad": false}}, {"class_name": "Adam", "config": {"name": "Adam", "learning_rate": {"class_name": "PiecewiseConstantDecay", "config": {"boundaries": [21150], "values": [0.01, 0.001], "name": null}}, "decay": 0.0, "beta_1": 0.9, "beta_2": 0.999, "epsilon": 1e-07, "amsgrad": false}}, {"class_name": "Adam", "config": {"name": "Adam", "learning_rate": {"class_name": "PiecewiseConstantDecay", "config": {"boundaries": [21150], "values": [0.01, 0.001], "name": null}}, "decay": 0.0, "beta_1": 0.9, "beta_2": 0.999, "epsilon": 1e-07, "amsgrad": false}}], "epochs": 200, "best_epochs": [199, 187, 169, 162, 195, 199, 199, 199], "batch_size": 1024}