{"degree": [1, 2, 3, 4, 5, 6, 7, 8], "losses": [340.8161701148237, 115.60296555939613, -29.263807441569245, -130.15313821565195, -205.19809337706815, -262.9143637669939, -289.4353489735094, -310.5889502189614], "A_list": [[[22.35402143108338, 0.4339768466040798], [0.4339768466040798, 17.068248671400166]], [[33.08840931505554, -0.4253949374922768, 1.3402825863690404, -0.02163415977129784], [-0.4253949374922768, 0.07138458216579198, -0.016252402133111483, 0.002817553005582057], [1.3402825863690404, -0.016252402133111483, 26.836297976323884, -0.4295475009600364], [-0.02163415977129784, 0.002817553005582057, -0.4295475009600364, 0.06549484091219984]], [[36.83884589728753, -0.41015687908399456, -0.009203734610587572, 1.6924557003871352, -0.006834983195243513, -0.0019652485922220905], [-0.41015687908399456, 0.20070770450382996, -0.011571439953960545, -0.016551681426931187, 0.005616870176916203, -0.00016681345965310443], [-0.009203734610587572, -0.011571439953960545, 0.0010411568631536591, -5.110839664639318e-05, -0.0003814615165195345, 2.7217974393492494e-05], [1.6924557003871352, -0.016551681426931187, -5.110839664639318e-05, 27.65138030590598, -0.38341723519422566, -0.008783043873570229], [-0.006834983195243513, 0.005616870176916203, -0.0003814615165195345, -0.38341723519422566, 0.18858401591523224, -0.011041211244438706], [-0.0019652485922220905, -0.00016681345965310443, 2.7217974393492494e-05, -0.008783043873570229, -0.011041211244438706, 0.0009933517750318652]], [[36.8723411253745, -0.220321057464919, -0.04035654954864027, 0.002172425244046669, 1.806442453168699, -0.006360578136360095, -0.002533882749659243, 5.382296566837687e-05], [-0.220321057464919, 0.2874161998723202, -0.04041122280533241, 0.0018802761514263243, -0.008948821126382357, 0.006018253333788096, -0.00030383098247794855, -2.692970894191901e-06], [-0.04035654954864027, -0.04041122280533241, 0.00954950746460392, -0.0005589491133319044, -0.001150480196409781, -0.001082087001102618, 0.0001949082340402237, -8.629322523587554e-06], [0.002172425244046669, 0.0018802761514263243, -0.0005589491133319044, 3.6713118298332866e-05, 6.081459021574138e-05, 5.9221333480690776e-05, -1.3995714329257653e-05, 7.598942869936148e-07], [1.806442453168699, -0.008948821126382357, -0.001150480196409781, 6.081459021574138e-05, 27.511759292789037, -0.20799979143227212, -0.037421128379113905, 0.0019943359902153805], [-0.006360578136360095, 0.006018253333788096, -0.001082087001102618, 5.9221333480690776e-05, -0.20799979143227212, 0.2701961814229395, -0.038293886873046086, 0.0017796614106764933], [-0.002533882749659243, -0.00030383098247794855, 0.0001949082340402237, -1.3995714329257653e-05, -0.037421128379113905, -0.038293886873046086, 0.009055316620546889, -0.0005305551208113535], [5.382296566837687e-05, -2.692970894191901e-06, -8.629322523587554e-06, 7.598942869936148e-07, 0.0019943359902153805, 0.0017796614106764933, -0.0005305551208113535, 3.491059682324834e-05]], [[36.57735087405001, -0.1094332153596918, -0.05842675175848122, 0.003972856028115136, -0.0001087296699915138, 1.8200837849401026, -0.009369257122820567, -0.0019054189133233396, -4.045410529780395e-05, 2.804834062207537e-06], [-0.1094332153596918, 0.3193851635205281, -0.07388259959217301, 0.008003308497944122, -0.00032281219251395016, -0.009816566337283188, 0.007422522738134946, -0.000953354840920885, 8.452088225985106e-05, -3.3058672780030583e-06], [-0.05842675175848122, -0.07388259959217301, 0.02991075060506811, -0.004040773527234279, 0.00018434959164574695, -0.0003288706786013459, -0.00205733901266659, 0.0006055795278573267, -6.791736265726722e-05, 2.7435605933605747e-06], [0.003972856028115136, 0.008003308497944122, -0.004040773527234279, 0.000624335039623592, -3.1090083484838565e-05, -0.00016203908594629115, 0.0002572883876660225, -9.464102189605378e-05, 1.2628833323737155e-05, -5.76056114920424e-07], [-0.0001087296699915138, -0.00032281219251395016, 0.00018434959164574695, -3.1090083484838565e-05, 1.64257535450964e-06, 1.3997240757837596e-05, -1.185304810697331e-05, 4.763156946560107e-06, -7.028952277082665e-07, 3.452594472690697e-08], [1.8200837849401026, -0.009816566337283188, -0.0003288706786013459, -0.00016203908594629115, 1.3997240757837596e-05, 27.25627318530968, -0.11148866292042635, -0.05024241159164038, 0.003016106209822575, -6.338355850488415e-05], [-0.009369257122820567, 0.007422522738134946, -0.00205733901266659, 0.0002572883876660225, -1.185304810697331e-05, -0.11148866292042635, 0.29328841966454594, -0.06736617616384619, 0.007191622815349045, -0.00028599820344034127], [-0.0019054189133233396, -0.000953354840920885, 0.0006055795278573267, -9.464102189605378e-05, 4.763156946560107e-06, -0.05024241159164038, -0.06736617616384619, 0.027335339737930994, -0.0036838168758052073, 0.0001674133349239953], [-4.045410529780395e-05, 8.452088225985106e-05, -6.791736265726722e-05, 1.2628833323737155e-05, -7.028952277082665e-07, 0.003016106209822575, 0.007191622815349045, -0.0036838168758052073, 0.0005712261505111722, -2.845967228676142e-05], [2.804834062207537e-06, -3.3058672780030583e-06, 2.7435605933605747e-06, -5.76056114920424e-07, 3.452594472690697e-08, -6.338355850488415e-05, -0.00028599820344034127, 0.0001674133349239953, -2.845967228676142e-05, 1.5083558189271272e-06]], [[36.589539504713265, -0.09147238973790665, -0.05098182502658051, -0.0006201202520300913, 0.0005738144305368907, -3.1393430938749565e-05, 1.823047351117178, -0.013482643080154098, -0.00022963527099023606, -0.000311710698141468, 2.614406631723282e-05, -8.603583753376033e-07], [-0.09147238973790665, 0.2893746021703602, -0.07418502599634515, 0.010323228766315057, -0.0006849721539741129, 1.5730737858927376e-05, -0.010902334578378857, 0.00675533023332289, -0.001008817289063475, 0.0002040361117866497, -2.464257219156877e-05, 1.1155747209665948e-06], [-0.05098182502658051, -0.07418502599634515, 0.03654685280489746, -0.006825745261658881, 0.0005734733732217285, -1.7992204842011446e-05, 0.00019058903522457062, -0.0017586166172004613, 0.0006766336011561063, -0.00013737299877360437, 1.4385851010360358e-05, -5.934500710859435e-07], [-0.0006201202520300913, 0.010323228766315057, -0.006825745261658881, 0.001640469462048154, -0.00017119735146608347, 6.58539505416313e-06, -0.00021295403999709486, 0.00023800793143207634, -0.00013780311735926297, 3.4140734360331397e-05, -3.8081392463857145e-06, 1.5828287520338792e-07], [0.0005738144305368907, -0.0006849721539741129, 0.0005734733732217285, -0.00017119735146608347, 2.1003771885473618e-05, -9.149797961888978e-07, 1.3371416025577699e-05, -1.4224992306073362e-05, 1.2013829832223744e-05, -3.6204039999814858e-06, 4.50043140128192e-07, -1.9891031925763054e-08], [-3.1393430938749565e-05, 1.5730737858927376e-05, -1.7992204842011446e-05, 6.58539505416313e-06, -9.149797961888978e-07, 4.332192652307496e-08, 1.981298445883761e-07, 2.2887665572046517e-07, -3.8231136590933366e-07, 1.402727529840476e-07, -1.944589056550109e-08, 9.183197099824277e-10], [1.823047351117178, -0.010902334578378857, 0.00019058903522457062, -0.00021295403999709486, 1.3371416025577699e-05, 1.981298445883761e-07, 27.235675411623674, -0.07864712311016808, -0.04976295606299508, -3.677614881733571e-05, 0.0004480812352055548, -2.4115810262061888e-05], [-0.013482643080154098, 0.00675533023332289, -0.0017586166172004613, 0.00023800793143207634, -1.4224992306073362e-05, 2.2887665572046517e-07, -0.07864712311016808, 0.2696693105238359, -0.07023135893689834, 0.00975745982958686, -0.0006392967260629023, 1.4219355136013618e-05], [-0.00022963527099023606, -0.001008817289063475, 0.0006766336011561063, -0.00013780311735926297, 1.2013829832223744e-05, -3.8231136590933366e-07, -0.04976295606299508, -0.07023135893689834, 0.034920686409613, -0.006509551601049995, 0.000542939315051508, -1.6839069125054248e-05], [-0.000311710698141468, 0.0002040361117866497, -0.00013737299877360437, 3.4140734360331397e-05, -3.6204039999814858e-06, 1.402727529840476e-07, -3.677614881733571e-05, 0.00975745982958686, -0.006509551601049995, 0.001564733246872156, -0.00016295061672918893, 6.251040091441151e-06], [2.614406631723282e-05, -2.464257219156877e-05, 1.4385851010360358e-05, -3.8081392463857145e-06, 4.50043140128192e-07, -1.944589056550109e-08, 0.0004480812352055548, -0.0006392967260629023, 0.000542939315051508, -0.00016295061672918893, 2.0029544231477945e-05, -8.730897337176676e-07], [-8.603583753376033e-07, 1.1155747209665948e-06, -5.934500710859435e-07, 1.5828287520338792e-07, -1.9891031925763054e-08, 9.183197099824277e-10, -2.4115810262061888e-05, 1.4219355136013618e-05, -1.6839069125054248e-05, 6.251040091441151e-06, -8.730897337176676e-07, 4.1430418298710115e-08]], [[35.8789733982615, 0.019012122480203855, -0.09051760066084795, 0.0053557212444522015, -0.00039799472740222974, 0.00012151528416951374, -9.233851748954029e-06, 1.7715540368814342, -0.014013944200525041, 0.00015914103532241666, -0.00045751417967460246, 1.8378001838155814e-05, 5.331520409698042e-06, -3.941710054017085e-07], [0.019012122480203855, 0.3017568087635734, -0.08418295551363765, 0.012024370891273155, -0.0005165029391423848, -4.529385864815755e-05, 3.7431118994307237e-06, -0.004712920544810651, 0.0033128172581012062, 0.0015637127069358684, -0.0005867924105408587, 9.265916356551907e-05, -7.21863776423645e-06, 2.2151245818553145e-07], [-0.09051760066084795, -0.08418295551363765, 0.04403124239539998, -0.00820357747601087, 0.0005153567933847595, 1.573039604914424e-05, -2.146186697938466e-06, -0.0019781056393825282, 0.0010824445360129937, -0.0014950319093368454, 0.0005322447547287904, -8.562312771798752e-05, 6.60601735510284e-06, -2.000683438233265e-07], [0.0053557212444522015, 0.012024370891273155, -0.00820357747601087, 0.001997090267556164, -0.00019956867209681991, 5.611202496825852e-06, 1.5596470051672737e-07, 0.00010996924409707562, -0.0008695626899470814, 0.0006969160514823465, -0.00022523843884762182, 3.565796849711762e-05, -2.7643359317498994e-06, 8.457864343571028e-08], [-0.00039799472740222974, -0.0005165029391423848, 0.0005153567933847595, -0.00019956867209681991, 3.517171017076956e-05, -2.9000200136549897e-06, 9.103412801160722e-08, -1.8944619380470154e-05, 0.00020552275989775198, -0.00015040503169998988, 4.702776414320086e-05, -7.3231374862208664e-06, 5.621824123902283e-07, -1.7031992437067188e-08], [0.00012151528416951374, -4.529385864815755e-05, 1.573039604914424e-05, 5.611202496825852e-06, -2.9000200136549897e-06, 3.992735484233297e-07, -1.7976352818045635e-08, 5.418520289555528e-06, -2.1049645172043446e-05, 1.505439743176469e-05, -4.680613664260573e-06, 7.219413251827275e-07, -5.459421546701225e-08, 1.6159207579565734e-09], [-9.233851748954029e-06, 3.7431118994307237e-06, -2.146186697938466e-06, 1.5596470051672737e-07, 9.103412801160722e-08, -1.7976352818045635e-08, 9.327756456148137e-10, -3.403587935168123e-07, 7.996266774996828e-07, -5.702455603559729e-07, 1.7792741156378522e-07, -2.7286778215908672e-08, 2.0277642882274792e-09, -5.811493673695984e-11], [1.7715540368814342, -0.004712920544810651, -0.0019781056393825282, 0.00010996924409707562, -1.8944619380470154e-05, 5.418520289555528e-06, -3.403587935168123e-07, 26.737414542657362, 0.018154955216958424, -0.08306514180329828, 0.004512513893399879, -0.00022068471246526828, 8.647838856568483e-05, -6.94125188746055e-06], [-0.014013944200525041, 0.0033128172581012062, 0.0010824445360129937, -0.0008695626899470814, 0.00020552275989775198, -2.1049645172043446e-05, 7.996266774996828e-07, 0.018154955216958424, 0.2649494741259984, -0.07194976451237026, 0.010087307356921895, -0.0004288227130776612, -3.803007267731134e-05, 3.135400257353759e-06], [0.00015914103532241666, 0.0015637127069358684, -0.0014950319093368454, 0.0006969160514823465, -0.00015040503169998988, 1.505439743176469e-05, -5.702455603559729e-07, -0.08306514180329828, -0.07194976451237026, 0.03799614094377146, -0.0070658870192888456, 0.0004412014438015799, 1.3944229747241379e-05, -1.8676281573698058e-06], [-0.00045751417967460246, -0.0005867924105408587, 0.0005322447547287904, -0.00022523843884762182, 4.702776414320086e-05, -4.680613664260573e-06, 1.7792741156378522e-07, 0.004512513893399879, 0.010087307356921895, -0.0070658870192888456, 0.00172133386100782, -0.00016862786505576842, 4.1464159122633035e-06, 1.7163012127997319e-07], [1.8378001838155814e-05, 9.265916356551907e-05, -8.562312771798752e-05, 3.565796849711762e-05, -7.3231374862208664e-06, 7.219413251827275e-07, -2.7286778215908672e-08, -0.00022068471246526828, -0.0004288227130776612, 0.0004412014438015799, -0.00016862786505576842, 2.888584433653971e-05, -2.2876654522240302e-06, 6.82347395942245e-08], [5.331520409698042e-06, -7.21863776423645e-06, 6.60601735510284e-06, -2.7643359317498994e-06, 5.621824123902283e-07, -5.459421546701225e-08, 2.0277642882274792e-09, 8.647838856568483e-05, -3.803007267731134e-05, 1.3944229747241379e-05, 4.1464159122633035e-06, -2.2876654522240302e-06, 3.182543060329344e-07, -1.4376789939800317e-08], [-3.941710054017085e-07, 2.2151245818553145e-07, -2.000683438233265e-07, 8.457864343571028e-08, -1.7031992437067188e-08, 1.6159207579565734e-09, -5.811493673695984e-11, -6.94125188746055e-06, 3.135400257353759e-06, -1.8676281573698058e-06, 1.7163012127997319e-07, 6.82347395942245e-08, -1.4376789939800317e-08, 7.599351011326118e-10]], [[35.933198860170414, 0.009589396449254845, -0.08691469153747387, 0.0063136675506876225, -0.0004742923329438308, 3.9437700299869245e-06, 1.4244117024643984e-05, -1.2440629914311628e-06, 1.790251242626527, -0.00897976311798045, -0.0007124172796672474, -0.0005701972020468008, 8.93941261850866e-05, -1.0139375679708863e-05, 1.1017227918747845e-06, -5.933466649327036e-08], [0.009589396449254845, 0.28623850838812614, -0.07550056975012545, 0.01055607475528152, -0.00044906525171595045, -4.979751325506643e-05, 5.489177890353248e-06, -1.2777023678328154e-07, -0.008086595422817644, 0.004751249998248788, 0.0002734111709689498, -4.9577271140170615e-05, -1.6618260492842062e-05, 4.1483133180248435e-06, -3.2582255869100165e-07, 8.62564745899991e-09], [-0.08691469153747387, -0.07550056975012545, 0.039051461536104545, -0.007298507898678647, 0.0004251916030501006, 3.366875557611417e-05, -5.054329702237954e-06, 1.573232112618396e-07, -0.0008159735713327116, -0.00036841827431123586, -0.00021449930470252704, 5.9681134583721155e-05, -2.320655184614207e-07, -1.2547033307317901e-06, 1.307324572544042e-07, -3.988051423786079e-09], [0.0063136675506876225, 0.01055607475528152, -0.007298507898678647, 0.0018018179844179643, -0.00015336842098655586, -7.0821041360860654e-06, 1.8815922441413231e-06, -8.194612550296512e-08, -0.0002815172853484924, 1.5232379810646594e-06, 1.4504072925927262e-05, -4.78584961682454e-06, 4.571754876284511e-07, 1.2255721931862338e-07, -2.657286507504231e-08, 1.3859719980085738e-09], [-0.0004742923329438308, -0.00044906525171595045, 0.0004251916030501006, -0.00015336842098655586, 1.961132303590732e-05, 3.217247402838782e-07, -2.506004647567838e-07, 1.399787401235005e-08, 6.178599844965343e-05, -6.389146008675828e-06, 7.379910357996535e-06, -1.394228971131062e-06, -4.346961505275487e-08, 1.2487336128788032e-08, 1.490413700436336e-09, -1.7100009011053226e-10], [3.9437700299869245e-06, -4.979751325506643e-05, 3.366875557611417e-05, -7.0821041360860654e-06, 3.217247402838782e-07, 4.581478750306738e-08, -3.3830040608739096e-09, -3.754216049852668e-11, -1.0835361314524563e-05, 6.708269570592089e-07, -8.82120759018773e-07, 2.307122415598563e-07, -7.185573723201378e-09, -2.7863718168444536e-09, 2.4782138436409063e-10, -3.896009498615189e-12], [1.4244117024643984e-05, 5.489177890353248e-06, -5.054329702237954e-06, 1.8815922441413231e-06, -2.506004647567838e-07, -3.3830040608739096e-09, 3.2215735317982335e-09, -1.8430170071217324e-10, 1.5824458065626112e-06, 1.0955458571809601e-07, -3.4827063384801034e-08, -7.818024160605757e-09, 2.149911800036278e-09, 4.936194821434834e-12, -2.949150845075811e-11, 1.7232535881395122e-12], [-1.2440629914311628e-06, -1.2777023678328154e-07, 1.573232112618396e-07, -8.194612550296512e-08, 1.399787401235005e-08, -3.754216049852668e-11, -1.8430170071217324e-10, 1.1893416325659622e-11, -8.84634197580345e-08, -1.1347999518727809e-08, 5.534011765750025e-09, -1.4291220520317246e-10, -1.4083707348533952e-10, 1.2402360505997888e-11, 5.483563541958547e-13, -6.390757651979129e-14], [1.790251242626527, -0.008086595422817644, -0.0008159735713327116, -0.0002815172853484924, 6.178599844965343e-05, -1.0835361314524563e-05, 1.5824458065626112e-06, -8.84634197580345e-08, 26.80188439996594, 0.00359197889077942, -0.07772874682131382, 0.004847360277420754, -0.0002684996706795985, 1.650010918366775e-07, 1.0504687738342339e-05, -9.331274115964066e-07], [-0.00897976311798045, 0.004751249998248788, -0.00036841827431123586, 1.5232379810646594e-06, -6.389146008675828e-06, 6.708269570592089e-07, 1.0955458571809601e-07, -1.1347999518727809e-08, 0.00359197889077942, 0.2520868916594075, -0.06437943942935377, 0.00884430261819226, -0.00036856863798115917, -4.4684586916795466e-05, 5.026110892658111e-06, -1.257454217204876e-07], [-0.0007124172796672474, 0.0002734111709689498, -0.00021449930470252704, 1.4504072925927262e-05, 7.379910357996535e-06, -8.82120759018773e-07, -3.4827063384801034e-08, 5.534011765750025e-09, -0.07772874682131382, -0.06437943942935377, 0.03361391164606547, -0.006320746957598852, 0.00036872739275004517, 3.0771050200560465e-05, -4.667638617613026e-06, 1.5021615741157552e-07], [-0.0005701972020468008, -4.9577271140170615e-05, 5.9681134583721155e-05, -4.78584961682454e-06, -1.394228971131062e-06, 2.307122415598563e-07, -7.818024160605757e-09, -1.4291220520317246e-10, 0.004847360277420754, 0.00884430261819226, -0.006320746957598852, 0.0015913266168102605, -0.00013653717051020684, -6.582927585942757e-06, 1.7281081293800897e-06, -7.542417374703991e-08], [8.93941261850866e-05, -1.6618260492842062e-05, -2.320655184614207e-07, 4.571754876284511e-07, -4.346961505275487e-08, -7.185573723201378e-09, 2.149911800036278e-09, -1.4083707348533952e-10, -0.0002684996706795985, -0.00036856863798115917, 0.00036872739275004517, -0.00013653717051020684, 1.739812264090866e-05, 3.38383168270017e-07, -2.2853212683700702e-07, 1.2593645295552787e-08], [-1.0139375679708863e-05, 4.1483133180248435e-06, -1.2547033307317901e-06, 1.2255721931862338e-07, 1.2487336128788032e-08, -2.7863718168444536e-09, 4.936194821434834e-12, 1.2402360505997888e-11, 1.650010918366775e-07, -4.4684586916795466e-05, 3.0771050200560465e-05, -6.582927585942757e-06, 3.38383168270017e-07, 3.959347944452955e-08, -3.696066829135743e-09, 1.8235179356263176e-11], [1.1017227918747845e-06, -3.2582255869100165e-07, 1.307324572544042e-07, -2.657286507504231e-08, 1.490413700436336e-09, 2.4782138436409063e-10, -2.949150845075811e-11, 5.483563541958547e-13, 1.0504687738342339e-05, 5.026110892658111e-06, -4.667638617613026e-06, 1.7281081293800897e-06, -2.2853212683700702e-07, -3.696066829135743e-09, 3.0429329681111345e-09, -1.7323086418755239e-10], [-5.933466649327036e-08, 8.62564745899991e-09, -3.988051423786079e-09, 1.3859719980085738e-09, -1.7100009011053226e-10, -3.896009498615189e-12, 1.7232535881395122e-12, -6.390757651979129e-14, -9.331274115964066e-07, -1.257454217204876e-07, 1.5021615741157552e-07, -7.542417374703991e-08, 1.2593645295552787e-08, 1.8235179356263176e-11, -1.7323086418755239e-10, 1.1015526488530203e-11]]], "B_list": [{"B_diag": [3.6790881483436997], "B_by_diag": [0.16131277811634814]}, {"B_diag": [0.19401189306792221], "B_by_diag": [0.006285010750563906]}, {"B_diag": [0.028016867784677983], "B_by_diag": [0.0007195790185869574]}, {"B_diag": [0.007073758744407545], "B_by_diag": [0.00016150963434699873]}, {"B_diag": [0.002477069377730636], "B_by_diag": [6.265798874478659e-05]}, {"B_diag": [0.001058130760588651], "B_by_diag": [3.349967393596375e-05]}, {"B_diag": [0.0006158712674797812], "B_by_diag": [6.231341464514687e-05]}, {"B_diag": [0.0005027715805798948], "B_by_diag": [2.0942090885109162e-05]}], "bic_scores": [351.7712367015084, 141.89512536743942, 21.12949885718039, -46.8946321568482, -80.31033428886253, -87.63329838003867, -54.99692401845675, -8.229112426463587], "best_bic": -87.63329838003867, "best_bic_A": [[36.589539504713265, -0.09147238973790665, -0.05098182502658051, -0.0006201202520300913, 0.0005738144305368907, -3.1393430938749565e-05, 1.823047351117178, -0.013482643080154098, -0.00022963527099023606, -0.000311710698141468, 2.614406631723282e-05, -8.603583753376033e-07], [-0.09147238973790665, 0.2893746021703602, -0.07418502599634515, 0.010323228766315057, -0.0006849721539741129, 1.5730737858927376e-05, -0.010902334578378857, 0.00675533023332289, -0.001008817289063475, 0.0002040361117866497, -2.464257219156877e-05, 1.1155747209665948e-06], [-0.05098182502658051, -0.07418502599634515, 0.03654685280489746, -0.006825745261658881, 0.0005734733732217285, -1.7992204842011446e-05, 0.00019058903522457062, -0.0017586166172004613, 0.0006766336011561063, -0.00013737299877360437, 1.4385851010360358e-05, -5.934500710859435e-07], [-0.0006201202520300913, 0.010323228766315057, -0.006825745261658881, 0.001640469462048154, -0.00017119735146608347, 6.58539505416313e-06, -0.00021295403999709486, 0.00023800793143207634, -0.00013780311735926297, 3.4140734360331397e-05, -3.8081392463857145e-06, 1.5828287520338792e-07], [0.0005738144305368907, -0.0006849721539741129, 0.0005734733732217285, -0.00017119735146608347, 2.1003771885473618e-05, -9.149797961888978e-07, 1.3371416025577699e-05, -1.4224992306073362e-05, 1.2013829832223744e-05, -3.6204039999814858e-06, 4.50043140128192e-07, -1.9891031925763054e-08], [-3.1393430938749565e-05, 1.5730737858927376e-05, -1.7992204842011446e-05, 6.58539505416313e-06, -9.149797961888978e-07, 4.332192652307496e-08, 1.981298445883761e-07, 2.2887665572046517e-07, -3.8231136590933366e-07, 1.402727529840476e-07, -1.944589056550109e-08, 9.183197099824277e-10], [1.823047351117178, -0.010902334578378857, 0.00019058903522457062, -0.00021295403999709486, 1.3371416025577699e-05, 1.981298445883761e-07, 27.235675411623674, -0.07864712311016808, -0.04976295606299508, -3.677614881733571e-05, 0.0004480812352055548, -2.4115810262061888e-05], [-0.013482643080154098, 0.00675533023332289, -0.0017586166172004613, 0.00023800793143207634, -1.4224992306073362e-05, 2.2887665572046517e-07, -0.07864712311016808, 0.2696693105238359, -0.07023135893689834, 0.00975745982958686, -0.0006392967260629023, 1.4219355136013618e-05], [-0.00022963527099023606, -0.001008817289063475, 0.0006766336011561063, -0.00013780311735926297, 1.2013829832223744e-05, -3.8231136590933366e-07, -0.04976295606299508, -0.07023135893689834, 0.034920686409613, -0.006509551601049995, 0.000542939315051508, -1.6839069125054248e-05], [-0.000311710698141468, 0.0002040361117866497, -0.00013737299877360437, 3.4140734360331397e-05, -3.6204039999814858e-06, 1.402727529840476e-07, -3.677614881733571e-05, 0.00975745982958686, -0.006509551601049995, 0.001564733246872156, -0.00016295061672918893, 6.251040091441151e-06], [2.614406631723282e-05, -2.464257219156877e-05, 1.4385851010360358e-05, -3.8081392463857145e-06, 4.50043140128192e-07, -1.944589056550109e-08, 0.0004480812352055548, -0.0006392967260629023, 0.000542939315051508, -0.00016295061672918893, 2.0029544231477945e-05, -8.730897337176676e-07], [-8.603583753376033e-07, 1.1155747209665948e-06, -5.934500710859435e-07, 1.5828287520338792e-07, -1.9891031925763054e-08, 9.183197099824277e-10, -2.4115810262061888e-05, 1.4219355136013618e-05, -1.6839069125054248e-05, 6.251040091441151e-06, -8.730897337176676e-07, 4.1430418298710115e-08]], "best_bic_B": {"B_diag": [0.001058130760588651], "B_by_diag": [3.349967393596375e-05]}, "best_bic_deg": 6, "best_bic_deg_idx": 5, "aic_scores": [345.8161701148237, 127.60296555939613, -6.263807441569245, -92.15313821565195, -148.19809337706815, -182.91436376699392, -182.4353489735094, -172.58895021896137], "best_aic": -182.91436376699392, "best_aic_A": [[36.589539504713265, -0.09147238973790665, -0.05098182502658051, -0.0006201202520300913, 0.0005738144305368907, -3.1393430938749565e-05, 1.823047351117178, -0.013482643080154098, -0.00022963527099023606, -0.000311710698141468, 2.614406631723282e-05, -8.603583753376033e-07], [-0.09147238973790665, 0.2893746021703602, -0.07418502599634515, 0.010323228766315057, -0.0006849721539741129, 1.5730737858927376e-05, -0.010902334578378857, 0.00675533023332289, -0.001008817289063475, 0.0002040361117866497, -2.464257219156877e-05, 1.1155747209665948e-06], [-0.05098182502658051, -0.07418502599634515, 0.03654685280489746, -0.006825745261658881, 0.0005734733732217285, -1.7992204842011446e-05, 0.00019058903522457062, -0.0017586166172004613, 0.0006766336011561063, -0.00013737299877360437, 1.4385851010360358e-05, -5.934500710859435e-07], [-0.0006201202520300913, 0.010323228766315057, -0.006825745261658881, 0.001640469462048154, -0.00017119735146608347, 6.58539505416313e-06, -0.00021295403999709486, 0.00023800793143207634, -0.00013780311735926297, 3.4140734360331397e-05, -3.8081392463857145e-06, 1.5828287520338792e-07], [0.0005738144305368907, -0.0006849721539741129, 0.0005734733732217285, -0.00017119735146608347, 2.1003771885473618e-05, -9.149797961888978e-07, 1.3371416025577699e-05, -1.4224992306073362e-05, 1.2013829832223744e-05, -3.6204039999814858e-06, 4.50043140128192e-07, -1.9891031925763054e-08], [-3.1393430938749565e-05, 1.5730737858927376e-05, -1.7992204842011446e-05, 6.58539505416313e-06, -9.149797961888978e-07, 4.332192652307496e-08, 1.981298445883761e-07, 2.2887665572046517e-07, -3.8231136590933366e-07, 1.402727529840476e-07, -1.944589056550109e-08, 9.183197099824277e-10], [1.823047351117178, -0.010902334578378857, 0.00019058903522457062, -0.00021295403999709486, 1.3371416025577699e-05, 1.981298445883761e-07, 27.235675411623674, -0.07864712311016808, -0.04976295606299508, -3.677614881733571e-05, 0.0004480812352055548, -2.4115810262061888e-05], [-0.013482643080154098, 0.00675533023332289, -0.0017586166172004613, 0.00023800793143207634, -1.4224992306073362e-05, 2.2887665572046517e-07, -0.07864712311016808, 0.2696693105238359, -0.07023135893689834, 0.00975745982958686, -0.0006392967260629023, 1.4219355136013618e-05], [-0.00022963527099023606, -0.001008817289063475, 0.0006766336011561063, -0.00013780311735926297, 1.2013829832223744e-05, -3.8231136590933366e-07, -0.04976295606299508, -0.07023135893689834, 0.034920686409613, -0.006509551601049995, 0.000542939315051508, -1.6839069125054248e-05], [-0.000311710698141468, 0.0002040361117866497, -0.00013737299877360437, 3.4140734360331397e-05, -3.6204039999814858e-06, 1.402727529840476e-07, -3.677614881733571e-05, 0.00975745982958686, -0.006509551601049995, 0.001564733246872156, -0.00016295061672918893, 6.251040091441151e-06], [2.614406631723282e-05, -2.464257219156877e-05, 1.4385851010360358e-05, -3.8081392463857145e-06, 4.50043140128192e-07, -1.944589056550109e-08, 0.0004480812352055548, -0.0006392967260629023, 0.000542939315051508, -0.00016295061672918893, 2.0029544231477945e-05, -8.730897337176676e-07], [-8.603583753376033e-07, 1.1155747209665948e-06, -5.934500710859435e-07, 1.5828287520338792e-07, -1.9891031925763054e-08, 9.183197099824277e-10, -2.4115810262061888e-05, 1.4219355136013618e-05, -1.6839069125054248e-05, 6.251040091441151e-06, -8.730897337176676e-07, 4.1430418298710115e-08]], "best_aic_B": {"B_diag": [0.001058130760588651], "B_by_diag": [3.349967393596375e-05]}, "best_aic_deg": 6, "best_aic_deg_idx": 5, "lr": [{"class_name": "PiecewiseConstantDecay", "config": {"boundaries": [21000], "values": [0.01, 0.001], "name": null}}, {"class_name": "PiecewiseConstantDecay", "config": {"boundaries": [21000], "values": [0.01, 0.001], "name": null}}, {"class_name": "PiecewiseConstantDecay", "config": {"boundaries": [21000], "values": [0.01, 0.001], "name": null}}, {"class_name": "PiecewiseConstantDecay", "config": {"boundaries": [21000], "values": [0.01, 0.001], "name": null}}, {"class_name": "PiecewiseConstantDecay", "config": {"boundaries": [21000], "values": [0.01, 0.001], "name": null}}, {"class_name": "PiecewiseConstantDecay", "config": {"boundaries": [21000], "values": [0.01, 0.001], "name": null}}, {"class_name": "PiecewiseConstantDecay", "config": {"boundaries": [21000], "values": [0.01, 0.01], "name": null}}, {"class_name": "PiecewiseConstantDecay", "config": {"boundaries": [21000], "values": [0.01, 0.001], "name": null}}], "optimizer": [{"class_name": "Adam", "config": {"name": "Adam", "learning_rate": {"class_name": "PiecewiseConstantDecay", "config": {"boundaries": [21000], "values": [0.01, 0.001], "name": null}}, "decay": 0.0, "beta_1": 0.9, "beta_2": 0.999, "epsilon": 1e-07, "amsgrad": false}}, {"class_name": "Adam", "config": {"name": "Adam", "learning_rate": {"class_name": "PiecewiseConstantDecay", "config": {"boundaries": [21000], "values": [0.01, 0.001], "name": null}}, "decay": 0.0, "beta_1": 0.9, "beta_2": 0.999, "epsilon": 1e-07, "amsgrad": false}}, {"class_name": "Adam", "config": {"name": "Adam", "learning_rate": {"class_name": "PiecewiseConstantDecay", "config": {"boundaries": [21000], "values": [0.01, 0.001], "name": null}}, "decay": 0.0, "beta_1": 0.9, "beta_2": 0.999, "epsilon": 1e-07, "amsgrad": false}}, {"class_name": "Adam", "config": {"name": "Adam", "learning_rate": {"class_name": "PiecewiseConstantDecay", "config": {"boundaries": [21000], "values": [0.01, 0.001], "name": null}}, "decay": 0.0, "beta_1": 0.9, "beta_2": 0.999, "epsilon": 1e-07, "amsgrad": false}}, {"class_name": "Adam", "config": {"name": "Adam", "learning_rate": {"class_name": "PiecewiseConstantDecay", "config": {"boundaries": [21000], "values": [0.01, 0.001], "name": null}}, "decay": 0.0, "beta_1": 0.9, "beta_2": 0.999, "epsilon": 1e-07, "amsgrad": false}}, {"class_name": "Adam", "config": {"name": "Adam", "learning_rate": {"class_name": "PiecewiseConstantDecay", "config": {"boundaries": [21000], "values": [0.01, 0.001], "name": null}}, "decay": 0.0, "beta_1": 0.9, "beta_2": 0.999, "epsilon": 1e-07, "amsgrad": false}}, {"class_name": "Adam", "config": {"name": "Adam", "learning_rate": {"class_name": "PiecewiseConstantDecay", "config": {"boundaries": [21000], "values": [0.01, 0.01], "name": null}}, "decay": 0.0, "beta_1": 0.9, "beta_2": 0.999, "epsilon": 1e-07, "amsgrad": false}}, {"class_name": "Adam", "config": {"name": "Adam", "learning_rate": {"class_name": "PiecewiseConstantDecay", "config": {"boundaries": [21000], "values": [0.01, 0.001], "name": null}}, "decay": 0.0, "beta_1": 0.9, "beta_2": 0.999, "epsilon": 1e-07, "amsgrad": false}}], "epochs": 200, "best_epochs": [199, 199, 189, 198, 197, 199, 199, 199], "batch_size": 1024}